856.000000	868.000000	916.000000	1028.000000	1110.000000	1208.000000	1416.000000	1722.000000	1504.000000	
524.000000	592.000000	654.000000	692.000000	726.000000	682.000000	430.000000	4.000000	2.000000	
2.000000	4.000000	444.000000	806.000000	394.000000	
1146.000000	1516.000000	1520.000000	1010.000000	826.000000	
2040.000000	2426.000000	2716.000000	2700.000000	
8.000000	262.000000	152.000000	6.000000	
10.000000	8.000000	156.000000	336.000000	80.000000	
360.000000	466.000000	536.000000	378.000000	366.000000	
74.000000	234.000000	4.000000	2.000000	
720.000000	830.000000	988.000000	814.000000	
