0.000000
0.114000
0.100000
0.187000
0.111000
0.107000
0.090000
0.115000
0.116000
0.179000
0.104000
0.117000
0.130000
0.055000
0.090000
0.107000
0.103000
0.190000
0.092000
0.118000
0.193000
0.093000
0.110000
0.114000
0.093000
0.094000
0.092000
0.124000
0.177000
0.194000
0.106000
0.107000
0.103000
0.188000
0.109000
0.096000
0.117000
0.105000
0.095000
0.093000
0.095000
0.106000
0.101000
0.115000
0.108000
0.161000
0.099000
0.112000
0.095000
0.105000
0.119000
0.067000
0.118000
0.091000
0.097000
0.103000
0.108000
0.102000
0.080000
0.114000
0.111000
0.106000
0.093000
0.095000
0.097000
0.103000
0.100000
0.143000
0.055000
488.890000
0.099000
0.094000
0.097000
0.091000
2.100000
0.099000
0.104000
0.116000
0.087000
0.101000
0.109000
0.088000
242.311000
0.100000
0.191000
0.109000
0.098000
0.091000
0.104000
0.103000
0.119000
0.092000
0.104000
0.192000
0.092000
0.114000
0.078000
0.109000
0.100000
0.083000
0.120000
0.099000
0.109000
0.092000
0.100000
0.108000
0.081000
0.103000
0.112000
0.094000
0.096000
0.100000
0.109000
0.089000
0.102000
0.105000
0.299000
105.523000
0.087000
0.096000
0.104000
0.122000
0.160000
0.120000
0.077000
0.108000
0.096000
0.105000
0.104000
0.106000
0.096000
0.097000
0.101000
0.095000
0.093000
0.106000
0.104000
0.104000
0.094000
0.097000
0.116000
0.089000
0.095000
0.098000
0.102000
0.100000
313.528000
0.176000
0.112000
0.096000
0.195000
0.095000
0.108000
0.098000
0.093000
0.107000
0.097000
0.093000
0.099000
0.100000
0.108000
0.094000
0.095000
0.109000
0.106000
0.096000
0.102000
0.101000
0.096000
0.109000
0.186000
0.105000
0.100000
0.103000
0.097000
0.097000
0.115000
0.189000
0.120000
0.188000
0.106000
0.099000
0.180000
431.003000
0.119000
0.098000
0.100000
0.113000
0.083000
0.126000
0.081000
0.164000
0.078000
0.091000
0.059000
0.116000
0.181000
0.110000
0.192000
0.084000
0.120000
0.092000
0.114000
0.092000
0.185000
0.115000
0.101000
0.120000
0.114000
0.065000
96.601000
0.187000
0.113000
0.088000
0.102000
0.108000
0.073000
0.115000
0.147000
0.082000
0.185000
0.081000
0.061000
0.062000
0.100000
145.190000
0.096000
0.098000
0.102000
0.098000
0.098000
0.105000
0.099000
0.100000
0.100000
0.195000
0.104000
0.112000
0.199000
0.092000
0.113000
0.093000
0.102000
0.190000
0.110000
0.091000
0.094000
0.113000
0.182000
0.117000
0.098000
0.098000
52.997000
0.093000
0.124000
0.111000
0.174000
0.100000
0.108000
0.108000
0.178000
0.099000
0.117000
0.099000
0.191000
0.102000
0.096000
0.095000
0.115000
0.099000
0.192000
301.403000
0.118000
0.174000
0.111000
0.100000
0.108000
0.106000
0.084000
0.193000
0.109000
0.079000
0.111000
0.111000
0.108000
0.095000
0.148000
0.061000
0.182000
0.093000
0.103000
0.107000
0.100000
0.095000
0.120000
0.090000
0.196000
0.110000
0.097000
0.091000
0.109000
0.185000
0.117000
0.105000
13.017000
0.090000
0.170000
0.104000
0.107000
0.103000
0.195000
0.106000
0.096000
0.110000
0.188000
0.192000
0.101000
0.106000
0.099000
0.120000
0.070000
0.130000
0.139000
0.052000
0.167000
0.111000
0.113000
0.107000
0.106000
0.173000
0.104000
0.101000
0.110000
0.194000
0.118000
0.178000
0.057000
0.081000
0.079000
0.188000
0.149000
0.128000
0.059000
0.087000
0.111000
0.091000
0.093000
0.087000
0.197000
0.108000
0.197000
2.099000
0.188000
0.103000
0.103000
0.107000
0.099000
0.100000
0.103000
0.108000
0.092000
0.101000
0.109000
0.092000
0.102000
0.092000
0.101000
0.189000
0.158000
0.088000
0.070000
0.102000
0.087000
0.113000
0.186000
0.107000
0.094000
0.095000
1.618000
0.102000
0.184000
0.108000
0.095000
0.103000
0.095000
41.938000
0.084000
0.170000
0.103000
0.107000
0.096000
0.104000
0.090000
0.100000
0.119000
0.100000
0.155000
0.118000
0.048000
0.173000
0.083000
0.156000
0.098000
0.070000
0.092000
0.110000
0.099000
0.184000
0.103000
0.101000
0.088000
0.111000
0.098000
87.601000
0.132000
0.114000
0.078000
0.095000
0.100000
0.173000
0.102000
0.122000
0.185000
0.100000
0.098000
0.094000
0.116000
0.100000
0.187000
0.097000
0.114000
0.092000
0.101000
0.123000
0.081000
0.192000
0.104000
0.101000
50.354000
0.092000
0.071000
0.178000
0.105000
0.104000
0.093000
0.097000
0.090000
0.116000
0.103000
0.108000
0.198000
0.101000
0.184000
0.104000
0.095000
0.104000
0.097000
0.113000
0.091000
0.115000
0.090000
0.120000
0.167000
0.105000
0.105000
0.093000
0.103000
0.109000
11.488000
0.101000
0.105000
0.089000
0.122000
0.115000
0.175000
0.084000
0.139000
0.174000
0.094000
0.108000
0.089000
0.098000
0.190000
0.122000
0.062000
0.098000
0.125000
0.050000
0.171000
0.095000
0.107000
0.086000
0.107000
0.100000
0.117000
0.108000
0.079000
0.107000
0.101000
0.113000
0.106000
0.156000
137.214000
0.100000
0.090000
0.099000
0.196000
0.112000
0.100000
0.100000
0.095000
0.101000
0.099000
0.098000
0.110000
0.094000
0.107000
0.107000
0.091000
0.104000
0.088000
0.101000
0.109000
0.095000
0.098000
0.099000
0.111000
0.099000
0.100000
0.102000
0.092000
0.106000
0.093000
0.099000
0.094000
29.217000
0.193000
0.050000
0.157000
0.088000
0.100000
0.123000
0.095000
0.089000
0.112000
0.103000
0.104000
0.112000
0.084000
0.190000
0.161000
0.070000
0.173000
0.184000
0.113000
0.088000
0.104000
0.096000
0.123000
0.187000
0.289000
0.097000
0.106000
0.099000
0.110000
0.196000
0.102000
0.085000
0.108000
0.104000
0.097000
0.102000
0.104000
0.102000
0.101000
0.188000
1.097000
0.121000
0.185000
0.095000
0.105000
0.102000
0.108000
0.092000
0.099000
0.116000
0.099000
0.159000
0.072000
0.143000
0.108000
0.096000
0.100000
0.112000
0.107000
0.100000
0.181000
0.114000
0.188000
0.104000
0.098000
43.716000
0.185000
0.085000
0.113000
0.097000
0.109000
0.090000
0.106000
0.093000
0.112000
0.098000
0.082000
0.132000
0.094000
0.115000
0.088000
0.096000
0.119000
0.077000
0.189000
0.113000
0.114000
0.087000
0.184000
0.112000
0.098000
0.111000
0.089000
0.111000
9.136000
0.068000
0.098000
0.110000
0.180000
0.098000
0.194000
0.105000
0.103000
0.088000
0.106000
0.109000
0.097000
0.103000
0.097000
0.191000
0.108000
0.089000
0.099000
0.110000
0.114000
0.100000
0.184000
0.104000
0.094000
0.106000
0.102000
0.098000
0.089000
0.208000
0.104000
0.105000
56.199000
0.088000
0.101000
0.103000
0.128000
0.167000
0.106000
0.105000
0.191000
25.707000
0.099000
0.097000
0.098000
0.104000
0.098000
0.111000
0.100000
0.146000
0.139000
0.102000
0.099000
0.112000
0.102000
0.100000
0.107000
0.176000
141.804000
0.105000
0.091000
0.100000
0.107000
0.106000
0.192000
0.107000
0.102000
0.106000
0.099000
0.103000
0.103000
0.176000
0.107000
0.114000
0.095000
0.105000
0.184000
0.098000
0.089000
0.116000
0.094000
0.113000
0.084000
0.116000
0.104000
234.773000
0.113000
0.095000
0.102000
0.096000
0.107000
0.110000
0.197000
0.097000
0.195000
0.090000
0.110000
0.094000
0.108000
0.102000
0.114000
0.175000
0.115000
0.088000
0.100000
0.114000
0.186000
0.112000
0.191000
0.099000
0.102000
0.096000
228.322000
0.126000
0.145000
0.102000
0.109000
0.112000
0.093000
0.186000
0.099000
0.100000
0.114000
0.096000
0.099000
0.099000
0.107000
0.095000
0.093000
0.093000
0.103000
0.106000
0.102000
0.111000
0.103000
0.135000
0.083000
0.106000
0.090000
0.094000
0.176000
0.109000
0.181000
0.130000
0.180000
0.127000
0.179000
70.089000
0.126000
0.132000
0.159000
0.111000
0.097000
0.097000
0.104000
0.108000
0.090000
0.091000
0.110000
0.174000
0.097000
0.117000
0.091000
0.107000
0.086000
0.103000
0.110000
0.192000
0.108000
0.095000
0.108000
0.094000
0.107000
0.107000
0.198000
0.093000
0.092000
0.109000
0.094000
0.108000
0.099000
452.589000
0.093000
0.108000
0.108000
0.100000
0.100000
0.104000
0.187000
0.105000
1.811000
0.088000
0.122000
0.171000
0.118000
564.296000
0.111000
0.101000
0.105000
0.101000
0.186000
0.187000
0.107000
0.113000
0.189000
0.098000
0.198000
0.116000
0.106000
0.174000
0.108000
0.096000
0.111000
0.091000
0.110000
0.100000
0.214000
0.093000
0.102000
0.089000
0.213000
0.143000
0.122000
0.128000
157.374000
0.104000
0.105000
0.088000
0.105000
0.091000
0.109000
0.105000
0.115000
1.505000
0.176000
0.113000
0.089000
0.104000
0.097000
273.904000
0.101000
0.098000
0.107000
0.110000
0.157000
0.089000
0.102000
0.074000
0.109000
321.455000
0.090000
0.103000
0.099000
0.111000
0.094000
0.096000
0.212000
0.192000
0.092000
0.116000
0.097000
0.092000
0.105000
0.107000
0.185000
0.119000
0.082000
0.114000
0.099000
0.108000
0.104000
0.278000
0.195000
0.114000
0.188000
0.112000
0.109000
0.102000
0.335000
0.076000
0.083000
0.181000
0.109000
0.099000
0.217000
0.171000
0.109000
0.312000
0.093000
0.095000
0.103000
0.106000
198.786000
0.111000
0.102000
0.088000
0.107000
0.098000
0.093000
0.104000
0.093000
0.108000
0.107000
0.102000
0.067000
0.055000
0.177000
0.102000
0.090000
185.605000
0.094000
0.104000
0.098000
0.110000
0.093000
0.112000
0.088000
1.095000
0.101000
0.110000
0.087000
0.112000
692.003000
0.103000
0.119000
0.176000
0.127000
0.165000
0.098000
0.108000
0.125000
0.089000
0.098000
0.107000
0.105000
0.173000
0.112000
0.182000
0.103000
0.108000
0.101000
0.094000
0.116000
0.104000
0.176000
0.114000
0.187000
0.098000
0.104000
0.110000
0.106000
0.186000
0.101000
0.097000
4.899000
0.118000
0.107000
0.189000
0.076000
0.117000
0.196000
0.100000
0.094000
0.098000
0.099000
0.100000
0.208000
0.103000
0.100000
0.112000
0.174000
0.115000
0.089000
0.103000
0.105000
0.104000
0.184000
0.107000
0.111000
0.100000
0.098000
0.110000
0.116000
0.176000
0.095000
16.292000
0.134000
0.071000
0.118000
0.195000
0.073000
0.095000
0.060000
0.069000
0.114000
0.105000
0.101000
0.161000
0.110000
0.099000
0.093000
0.117000
0.088000
0.136000
0.157000
0.124000
0.184000
0.098000
0.121000
0.190000
245.110000
0.180000
0.105000
0.198000
0.097000
0.101000
0.105000
0.111000
18.995000
0.188000
0.112000
0.091000
0.106000
0.186000
0.111000
0.092000
0.105000
0.098000
0.095000
0.110000
0.108000
0.092000
0.109000
0.196000
0.099000
0.109000
0.094000
0.188000
0.094000
0.119000
0.079000
0.107000
0.112000
0.108000
0.171000
0.119000
0.102000
0.197000
0.090000
0.106000
0.088000
291.202000
0.099000
0.102000
0.103000
0.109000
0.098000
0.099000
0.097000
0.098000
0.099000
0.109000
0.082000
0.114000
0.096000
0.099000
0.107000
0.198000
0.094000
0.204000
0.098000
0.109000
0.288000
0.098000
127.288000
0.109000
0.116000
0.197000
0.097000
0.103000
366.801000
0.108000
0.095000
0.110000
1.179000
0.099000
0.104000
0.100000
0.098000
0.102000
0.093000
0.105000
0.111000
0.080000
0.103000
0.101000
0.099000
0.098000
0.105000
0.088000
0.106000
0.100000
0.101000
0.098000
0.108000
0.087000
0.117000
0.092000
0.101000
0.102000
0.098000
0.104000
0.092000
0.100000
1.507000
0.101000
0.093000
0.111000
0.078000
0.103000
0.110000
0.064000
0.065000
0.139000
0.069000
0.162000
0.107000
0.090000
0.240000
0.146000
0.052000
0.098000
0.081000
0.112000
0.106000
0.179000
0.093000
0.110000
0.098000
0.104000
0.101000
0.128000
0.156000
59.395000
0.101000
0.101000
0.118000
0.095000
0.100000
0.102000
0.084000
0.114000
1.302000
0.196000
0.094000
0.897000
0.121000
34.486000
0.094000
0.105000
0.089000
0.112000
0.106000
0.090000
0.128000
0.100000
0.169000
0.097000
1.617000
0.102000
0.087000
0.095000
0.719000
547.310000
0.099000
0.192000
0.097000
0.099000
0.200000
0.122000
0.177000
0.092000
0.107000
0.101000
0.090000
0.108000
0.101000
0.117000
0.103000
0.098000
0.092000
0.179000
0.115000
0.110000
0.094000
0.189000
0.123000
0.093000
0.193000
0.093000
0.097000
0.117000
0.094000
0.170000
0.048000
0.092000
0.193000
0.097000
0.108000
27.704000
0.093000
0.188000
0.103000
0.094000
0.101000
0.107000
0.083000
0.112000
0.098000
0.093000
0.098000
0.102000
0.100000
0.102000
0.102000
0.102000
0.101000
0.076000
0.082000
0.109000
0.079000
0.056000
0.124000
0.175000
0.107000
0.082000
0.115000
0.088000
0.098000
0.103000
0.113000
0.090000
0.099000
0.099000
0.106000
0.093000
0.100000
0.109000
0.101000
0.100000
0.104000
4.778000
0.101000
0.106000
0.099000
0.099000
0.107000
0.101000
0.099000
0.111000
0.088000
0.078000
0.116000
0.114000
0.085000
0.117000
0.090000
0.112000
0.073000
0.108000
0.118000
0.097000
0.087000
0.114000
0.106000
0.187000
0.101000
0.099000
0.100000
0.102000
0.104000
0.089000
0.113000
0.104000
0.099000
0.186000
0.112000
0.097000
0.104000
0.193000
0.091000
0.100000
0.100000
0.098000
0.223000
0.079000
404.805000
0.117000
0.111000
0.174000
0.096000
0.113000
0.078000
0.122000
0.102000
0.103000
0.194000
0.091000
0.102000
0.111000
0.181000
0.118000
0.080000
0.127000
0.072000
0.108000
0.121000
0.185000
0.097000
0.099000
0.111000
0.285000
67.933000
0.179000
0.081000
0.118000
0.088000
0.102000
0.110000
0.086000
66.007000
0.091000
0.102000
0.101000
0.103000
0.102000
0.098000
0.100000
0.096000
0.106000
0.094000
0.102000
0.198000
0.095000
0.106000
0.098000
0.115000
0.094000
0.144000
0.146000
0.094000
0.050000
0.258000
0.114000
0.095000
0.096000
0.102000
0.105000
0.103000
31.418000
0.170000
0.115000
0.151000
0.058000
0.097000
0.092000
0.104000
0.123000
0.166000
0.099000
0.132000
0.147000
0.091000
0.084000
0.129000
0.051000
0.169000
0.115000
0.172000
0.122000
0.083000
0.114000
0.098000
0.104000
0.192000
0.103000
0.196000
0.099000
0.106000
0.096000
0.087000
0.111000
0.102000
0.122000
0.111000
0.162000
0.108000
0.099000
0.097000
0.097000
0.100000
0.103000
0.107000
0.113000
0.170000
0.105000
0.120000
27.179000
0.105000
0.098000
0.103000
0.107000
0.102000
0.196000
0.093000
0.116000
0.110000
108.466000
0.105000
0.109000
0.098000
0.091000
0.099000
0.098000
0.114000
0.095000
0.204000
0.101000
0.090000
0.094000
0.118000
0.129000
0.159000
0.109000
0.093000
0.101000
0.102000
0.091000
0.091000
0.114000
0.104000
0.115000
0.089000
0.124000
0.182000
0.113000
0.165000
0.124000
0.079000
107.305000
0.101000
0.093000
0.092000
0.102000
1.207000
0.098000
0.124000
0.895000
0.108000
0.099000
0.119000
0.099000
0.267000
0.108000
0.088000
0.090000
0.104000
121.808000
0.093000
0.108000
0.100000
0.103000
0.100000
0.097000
0.093000
0.109000
0.743000
0.062000
0.105000
0.583000
0.106000
0.099000
0.107000
26.286000
0.096000
0.109000
0.099000
0.093000
0.303000
0.222000
0.104000
0.184000
0.085000
0.122000
0.083000
0.105000
0.101000
0.096000
0.101000
0.097000
0.102000
0.111000
0.095000
0.106000
0.093000
0.111000
0.105000
0.172000
0.103000
0.100000
0.113000
0.101000
0.099000
0.114000
0.173000
0.103000
0.107000
0.085000
0.107000
0.095000
0.116000
0.100000
0.102000
0.080000
0.105000
0.159000
0.148000
0.104000
535.596000
0.102000
0.104000
0.100000
0.184000
0.123000
0.089000
0.102000
0.085000
0.120000
0.083000
0.097000
0.214000
0.085000
0.111000
0.102000
0.101000
18.212000
0.180000
0.099000
0.126000
0.090000
0.182000
0.116000
0.088000
0.111000
0.070000
0.071000
36.966000
0.189000
0.096000
0.099000
0.107000
0.089000
0.099000
0.104000
0.106000
0.110000
0.103000
0.097000
0.200000
0.084000
0.106000
0.080000
0.114000
0.118000
0.187000
0.110000
0.090000
147.915000
0.173000
0.222000
0.177000
0.117000
0.093000
0.090000
0.109000
0.102000
0.122000
0.089000
0.188000
0.092000
0.098000
0.113000
0.099000
0.093000
0.108000
0.103000
0.084000
0.113000
0.090000
0.120000
0.105000
0.110000
0.166000
0.110000
0.090000
0.104000
0.110000
53.611000
0.096000
0.184000
0.106000
0.116000
0.090000
0.188000
0.099000
0.107000
0.098000
0.108000
0.193000
0.113000
0.101000
0.101000
0.184000
0.118000
0.179000
0.097000
0.106000
0.110000
0.105000
0.095000
0.193000
0.100000
0.111000
0.188000
0.106000
0.085000
0.111000
0.162000
0.063000
0.078000
38.088000
0.106000
0.086000
0.117000
0.101000
0.082000
0.106000
0.111000
0.096000
0.097000
0.099000
0.118000
0.190000
0.089000
0.118000
0.097000
0.117000
0.184000
0.095000
0.098000
0.102000
0.086000
0.100000
0.105000
0.121000
0.104000
0.168000
0.112000
0.105000
0.088000
0.096000
0.108000
0.104000
0.106000
0.184000
0.115000
0.091000
27.089000
0.110000
0.097000
0.093000
0.115000
0.104000
0.098000
0.097000
0.098000
0.114000
0.079000
0.104000
0.117000
0.104000
0.190000
0.113000
0.189000
0.087000
0.111000
0.088000
0.128000
0.175000
0.102000
0.098000
0.089000
0.111000
0.101000
0.104000
0.102000
0.102000
0.092000
0.106000
0.099000
0.094000
0.100000
0.118000
0.083000
0.102000
0.110000
0.077000
0.115000
0.087000
35.811000
0.105000
0.095000
0.108000
0.103000
0.100000
0.193000
0.115000
0.104000
0.183000
0.083000
0.207000
0.097000
0.101000
0.098000
0.102000
0.110000
0.088000
0.116000
0.096000
0.099000
0.108000
0.179000
0.116000
0.100000
0.115000
0.180000
0.117000
0.191000
0.091000
0.107000
0.098000
0.089000
0.108000
0.104000
0.100000
0.093000
0.099000
0.052000
0.068000
0.094000
74.093000
0.092000
0.101000
0.091000
0.077000
0.070000
0.154000
0.097000
0.101000
0.115000
0.099000
0.087000
0.091000
0.121000
0.111000
0.089000
0.107000
0.179000
0.110000
0.111000
0.106000
0.095000
0.120000
0.101000
0.191000
0.084000
0.127000
0.174000
0.092000
0.123000
0.187000
0.087000
0.098000
0.113000
0.104000
0.295000
0.089000
0.107000
0.095000
0.096000
0.102000
0.096000
6.017000
0.110000
0.104000
0.182000
0.111000
0.189000
0.094000
0.102000
0.075000
0.073000
0.086000
0.096000
0.079000
0.121000
0.178000
0.196000
0.090000
0.104000
0.120000
0.175000
0.113000
0.106000
0.184000
0.113000
0.103000
0.101000
0.119000
0.090000
0.120000
0.164000
0.098000
2.412000
0.109000
0.170000
0.115000
0.094000
0.092000
0.197000
0.103000
0.101000
0.100000
0.116000
0.084000
0.081000
0.063000
0.160000
0.116000
0.180000
0.103000
0.108000
0.195000
0.092000
64.109000
0.107000
0.079000
0.100000
0.105000
0.112000
0.065000
0.068000
0.107000
0.075000
0.173000
0.091000
0.121000
0.096000
0.097000
0.061000
0.068000
0.089000
0.103000
0.174000
0.100000
0.111000
0.085000
0.104000
0.085000
0.131000
0.091000
0.101000
0.108000
0.077000
0.108000
0.105000
50.298000
0.105000
0.093000
0.110000
0.192000
0.090000
0.101000
0.097000
0.110000
0.104000
0.105000
0.082000
0.113000
0.104000
0.093000
0.110000
0.052000
0.087000
0.095000
0.062000
0.116000
0.176000
0.110000
0.123000
0.080000
0.182000
0.119000
0.125000
0.154000
0.118000
0.092000
0.140000
0.157000
0.099000
0.123000
0.074000
0.109000
0.102000
0.088000
0.122000
0.088000
0.092000
0.108000
52.397000
0.108000
0.074000
0.118000
0.108000
0.105000
0.103000
0.095000
0.121000
0.097000
0.162000
0.114000
0.087000
0.102000
0.100000
0.109000
0.092000
0.099000
0.111000
0.107000
0.058000
0.053000
0.183000
0.104000
0.084000
0.111000
0.096000
0.092000
0.097000
0.106000
0.105000
0.095000
0.117000
200.879000
0.100000
0.107000
0.101000
0.104000
0.100000
0.101000
0.081000
0.122000
0.096000
0.090000
0.107000
0.193000
0.100000
0.090000
0.105000
0.099000
0.097000
0.106000
0.115000
0.097000
0.096000
0.103000
0.091000
0.113000
0.096000
0.103000
0.081000
0.100000
0.113000
30.489000
0.104000
0.099000
0.097000
0.110000
0.097000
0.102000
0.104000
0.104000
0.098000
0.088000
0.116000
0.077000
0.117000
0.100000
0.104000
0.093000
0.098000
0.098000
0.130000
0.095000
0.188000
0.092000
0.090000
0.103000
0.111000
0.089000
0.101000
0.118000
0.108000
0.179000
0.122000
0.182000
0.089000
375.615000
0.099000
0.090000
0.107000
0.100000
0.311000
0.189000
0.193000
0.107000
0.096000
0.112000
0.100000
0.087000
286.491000
0.102000
0.111000
0.095000
0.615000
0.098000
0.190000
0.104000
0.100000
0.091000
0.110000
0.097000
0.114000
0.076000
0.108000
0.094000
0.102000
0.104000
0.100000
0.103000
0.100000
0.106000
0.102000
0.176000
0.118000
0.104000
0.105000
0.187000
0.117000
0.109000
0.132000
0.140000
0.097000
0.098000
0.109000
76.385000
0.105000
0.508000
0.094000
0.105000
0.119000
0.079000
0.109000
0.104000
0.099000
0.106000
0.189000
0.094000
0.106000
111.598000
0.091000
0.106000
0.090000
0.102000
0.103000
0.099000
0.104000
0.098000
0.090000
0.120000
94.288000
0.109000
0.104000
0.096000
0.090000
0.107000
0.100000
0.110000
0.087000
0.100000
0.115000
0.106000
15.188000
0.098000
0.103000
0.049000
0.051000
0.182000
0.102000
0.113000
0.106000
0.117000
0.163000
0.121000
0.098000
0.098000
0.097000
0.102000
232.891000
0.095000
0.112000
0.103000
0.097000
0.107000
0.107000
0.110000
0.091000
0.174000
0.108000
0.195000
0.102000
0.098000
0.107000
0.100000
0.099000
0.094000
0.104000
0.070000
0.059000
0.178000
0.112000
0.179000
0.118000
0.084000
0.103000
0.118000
0.097000
0.175000
0.117000
2.994000
0.117000
0.190000
0.114000
0.187000
0.091000
0.107000
0.110000
0.098000
0.185000
0.089000
0.117000
0.098000
0.105000
0.095000
0.101000
0.088000
0.169000
0.080000
0.077000
0.183000
0.094000
0.104000
0.108000
0.100000
0.099000
21.295000
0.092000
0.102000
0.109000
0.097000
0.111000
0.184000
0.106000
0.187000
0.113000
0.097000
0.095000
0.105000
0.111000
0.095000
0.196000
0.095000
0.101000
0.102000
0.114000
0.191000
0.090000
0.127000
0.101000
0.173000
0.092000
0.109000
0.109000
0.189000
0.105000
0.111000
0.091000
0.281000
60.117000
0.099000
0.114000
0.079000
0.115000
0.185000
0.134000
0.097000
0.184000
0.105000
0.199000
0.097000
0.114000
0.172000
0.227000
0.187000
0.195000
0.117000
0.173000
92.698000
0.106000
0.101000
0.085000
0.134000
0.071000
0.122000
0.090000
0.112000
0.165000
0.069000
0.150000
0.101000
0.128000
0.075000
0.124000
0.100000
0.165000
0.110000
0.100000
0.093000
0.099000
0.106000
0.091000
0.100000
0.110000
0.105000
0.109000
0.082000
0.107000
0.124000
0.077000
0.119000
0.090000
0.198000
0.197000
41.721000
0.167000
0.100000
0.111000
0.095000
0.095000
0.114000
0.115000
0.102000
0.132000
0.057000
0.107000
0.173000
0.109000
0.185000
0.049000
0.106000
0.154000
0.091000
0.122000
0.193000
0.185000
0.110000
0.194000
336.892000
0.106000
0.078000
0.129000
0.098000
0.083000
0.111000
0.118000
0.073000
0.113000
0.095000
0.100000
0.109000
0.087000
0.113000
0.196000
0.213000
0.090000
0.098000
0.095000
0.099000
0.108000
0.205000
0.085000
0.108000
0.108000
0.203000
0.092000
0.095000
0.106000
0.095000
0.111000
3.024000
0.175000
0.388000
0.098000
0.104000
0.112000
0.095000
0.099000
0.098000
0.190000
0.221000
0.286000
0.098000
0.098000
0.110000
0.083000
0.106000
0.096000
0.099000
0.114000
0.094000
0.091000
0.106000
0.102000
0.103000
0.091000
0.098000
0.104000
235.597000
0.097000
0.121000
0.096000
0.092000
0.104000
0.197000
0.267000
0.147000
0.053000
0.089000
0.130000
0.061000
0.159000
0.101000
0.103000
0.089000
0.106000
0.113000
0.177000
0.124000
0.085000
0.104000
0.087000
0.099000
0.107000
0.098000
0.202000
0.109000
0.105000
0.082000
0.109000
0.115000
0.183000
0.197000
0.105000
0.107000
0.104000
0.087000
0.101000
1.711000
0.079000
0.103000
0.149000
0.163000
0.786000
0.093000
0.111000
260.205000
0.116000
0.072000
0.132000
0.195000
0.089000
0.089000
0.100000
0.108000
0.088000
0.106000
0.103000
0.122000
0.062000
0.111000
241.534000
0.179000
0.101000
0.097000
0.096000
0.086000
0.072000
0.105000
0.050000
0.113000
0.092000
0.179000
0.102000
0.114000
0.092000
0.147000
0.141000
0.113000
0.083000
0.116000
0.098000
0.098000
0.120000
0.384000
153.212000
0.123000
0.083000
0.167000
0.209000
0.278000
0.112000
0.115000
0.124000
0.877000
0.108000
0.084000
0.094000
0.074000
0.135000
0.092000
0.107000
0.100000
27.696000
0.104000
0.109000
0.093000
0.094000
0.095000
0.101000
0.115000
0.110000
0.191000
0.203000
0.188000
0.103000
0.099000
0.199000
0.088000
0.110000
0.096000
0.099000
0.100000
151.511000
0.089000
0.113000
0.093000
0.094000
0.215000
0.609000
0.074000
259.497000
0.112000
0.106000
0.099000
0.406000
0.088000
0.122000
0.079000
0.503000
0.103000
0.391000
0.107000
23.294000
0.109000
0.102000
0.595000
0.111000
0.183000
0.103000
0.104000
0.084000
0.217000
0.171000
0.180000
0.155000
0.382000
0.107000
0.107000
0.107000
0.096000
0.106000
0.100000
0.282000
0.088000
0.110000
0.091000
0.103000
0.083000
0.220000
0.124000
0.180000
0.105000
0.110000
0.089000
0.136000
0.151000
0.124000
0.096000
0.100000
0.085000
0.135000
0.158000
0.104000
0.097000
0.096000
0.129000
0.188000
0.100000
0.091000
0.120000
0.103000
20.790000
0.103000
0.079000
0.258000
0.154000
0.099000
0.105000
0.104000
0.099000
0.133000
0.079000
0.597000
0.086000
0.104000
0.098000
0.124000
0.166000
0.104000
0.102000
0.097000
0.197000
0.212000
0.087000
0.117000
0.087000
0.110000
0.098000
0.196000
0.107000
0.105000
0.088000
0.117000
0.073000
0.105000
0.098000
0.108000
0.091000
0.106000
0.105000
0.091000
0.106000
0.113000
0.093000
0.105000
0.099000
0.075000
0.118000
0.095000
0.099000
0.207000
0.094000
0.113000
0.092000
103.599000
0.107000
0.089000
0.098000
0.111000
0.197000
0.091000
0.104000
1.212000
0.111000
0.089000
0.105000
0.176000
155.212000
0.095000
0.111000
0.087000
0.103000
0.113000
0.078000
0.103000
0.116000
0.099000
0.095000
0.177000
0.056000
0.115000
0.140000
0.112000
0.101000
0.093000
0.097000
0.112000
0.103000
0.096000
0.105000
0.083000
0.121000
0.082000
0.101000
0.098000
0.099000
0.105000
0.128000
0.078000
0.194000
0.112000
0.106000
0.195000
438.700000
0.188000
0.106000
0.089000
0.117000
0.183000
0.104000
0.112000
0.091000
0.107000
0.301000
0.185000
0.125000
0.078000
0.111000
0.118000
0.167000
0.102000
0.105000
0.105000
0.099000
0.093000
0.104000
0.091000
0.108000
0.103000
0.094000
0.115000
63.792000
0.189000
0.121000
0.197000
0.091000
0.100000
0.100000
0.097000
0.097000
0.104000
0.189000
0.126000
0.076000
0.093000
0.103000
0.110000
0.103000
0.103000
0.199000
0.093000
0.119000
0.082000
0.090000
0.103000
0.201000
0.123000
0.137000
0.156000
0.129000
0.159000
0.133000
0.107000
0.089000
0.187000
0.102000
0.098000
0.105000
0.098000
0.181000
0.100000
0.113000
0.094000
0.112000
0.590000
0.111000
0.193000
0.183000
0.109000
0.118000
0.106000
0.184000
0.086000
0.104000
0.103000
0.095000
0.053000
0.069000
0.116000
0.117000
0.061000
0.108000
0.107000
0.195000
85.003000
0.091000
0.227000
0.175000
0.286000
1.397000
0.207000
0.080000
0.109000
0.114000
0.080000
110.914000
0.090000
0.119000
0.274000
0.214000
0.109000
0.097000
0.404000
0.098000
0.280000
0.414000
0.099000
0.192000
0.100000
0.117000
0.197000
0.110000
0.087000
0.185000
0.814000
0.089000
0.192000
0.111000
0.095000
1054.816000
0.127000
0.152000
0.106000
0.096000
0.073000
0.114000
0.050000
0.098000
0.106000
224.382000
0.083000
0.110000
0.102000
0.095000
0.105000
0.190000
0.111000
0.087000
0.109000
0.102000
0.092000
0.111000
0.106000
0.187000
0.096000
0.111000
0.114000
0.091000
0.104000
0.101000
0.103000
0.193000
0.090000
0.119000
0.171000
0.098000
0.100000
0.124000
0.079000
0.113000
0.105000
0.110000
0.108000
0.176000
0.087000
0.114000
0.090000
0.105000
38.395000
0.100000
0.099000
0.120000
0.102000
0.089000
0.152000
0.087000
0.159000
0.118000
0.093000
0.178000
44.803000
0.109000
0.089000
0.092000
0.221000
0.093000
0.105000
0.100000
0.084000
0.104000
0.112000
0.096000
0.099000
0.107000
0.184000
0.120000
0.088000
0.103000
0.090000
0.113000
0.097000
0.092000
0.099000
0.110000
0.090000
0.110000
0.095000
0.098000
0.100000
0.099000
0.098000
0.107000
0.092000
0.098000
0.099000
0.118000
0.094000
0.112000
0.088000
0.112000
0.190000
0.099000
0.099000
0.094000
219.103000
0.100000
0.102000
0.106000
0.095000
0.097000
0.103000
0.102000
0.095000
0.114000
0.099000
0.115000
0.156000
360.515000
0.118000
0.093000
0.185000
0.122000
0.081000
0.097000
0.195000
0.119000
0.089000
0.097000
0.100000
0.106000
0.096000
0.105000
0.100000
0.094000
0.094000
0.105000
0.107000
0.094000
0.103000
0.098000
0.111000
0.086000
0.096000
0.110000
0.110000
0.194000
0.108000
0.102000
0.093000
55.599000
0.099000
0.089000
0.116000
0.099000
0.094000
0.103000
0.099000
0.096000
0.094000
0.111000
0.101000
0.096000
0.088000
0.124000
0.080000
0.107000
0.091000
0.097000
0.105000
0.094000
0.104000
0.101000
0.185000
0.160000
0.126000
0.117000
0.055000
0.076000
0.094000
0.119000
0.084000
0.102000
0.189000
0.099000
0.105000
0.095000
0.099000
0.098000
0.109000
0.095000
22.908000
0.197000
0.112000
0.094000
0.115000
0.182000
0.097000
0.105000
0.096000
0.097000
0.091000
0.091000
0.104000
0.118000
0.187000
0.098000
0.101000
0.114000
0.095000
0.099000
0.110000
0.089000
0.104000
0.102000
0.084000
0.118000
0.087000
0.100000
0.116000
0.084000
0.092000
0.103000
0.217000
0.182000
0.134000
0.063000
0.112000
0.093000
0.101000
0.102000
0.096000
0.113000
0.088000
0.102000
0.119000
0.085000
0.104000
0.106000
0.197000
0.093000
0.109000
341.400000
0.105000
0.078000
0.096000
0.108000
0.091000
0.100000
0.119000
0.100000
0.190000
0.108000
0.088000
0.199000
0.414000
0.083000
0.106000
0.102000
0.096000
0.406000
0.103000
0.089000
0.100000
0.097000
0.227000
0.085000
0.122000
0.182000
0.190000
0.109000
0.066000
0.087000
0.137000
0.194000
0.147000
23.760000
0.109000
0.110000
0.198000
0.097000
0.112000
0.188000
0.080000
0.119000
0.101000
0.083000
0.101000
0.112000
0.094000
0.097000
0.091000
0.125000
379.211000
0.085000
0.185000
0.107000
0.102000
0.117000
0.100000
0.185000
0.086000
0.115000
0.111000
0.192000
0.093000
0.094000
0.103000
0.101000
0.089000
0.104000
0.104000
0.096000
0.102000
0.110000
0.102000
0.101000
0.088000
0.103000
0.107000
0.088000
0.102000
0.097000
0.097000
0.117000
0.088000
0.101000
36.915000
0.086000
0.109000
0.089000
0.497000
0.196000
0.107000
0.099000
0.113000
0.104000
0.122000
0.085000
0.188000
0.111000
0.087000
203.085000
0.105000
0.102000
0.102000
0.094000
0.097000
0.098000
0.118000
0.100000
0.089000
0.128000
0.082000
0.098000
0.070000
0.093000
0.067000
0.167000
0.091000
0.119000
0.100000
0.081000
0.117000
45.894000
0.097000
0.094000
0.112000
0.101000
0.093000
0.106000
0.097000
0.098000
0.108000
0.096000
0.110000
0.090000
0.119000
0.068000
0.109000
0.098000
0.106000
0.101000
0.103000
0.071000
0.055000
0.169000
0.102000
0.088000
0.110000
0.110000
0.088000
178.399000
0.093000
0.123000
0.080000
0.107000
0.108000
0.096000
0.089000
0.092000
0.101000
0.109000
0.103000
0.101000
0.094000
0.103000
0.098000
0.097000
0.114000
0.105000
0.096000
0.091000
0.103000
0.099000
0.107000
0.106000
0.087000
0.095000
0.202000
0.109000
0.101000
0.100000
0.097000
0.101000
0.103000
274.511000
0.183000
0.120000
0.073000
0.120000
0.092000
0.096000
0.086000
0.119000
0.110000
0.111000
0.177000
0.106000
0.100000
0.090000
0.095000
0.105000
0.108000
0.102000
0.079000
0.107000
0.098000
0.119000
0.090000
0.103000
0.102000
241.484000
0.113000
0.101000
0.101000
0.124000
0.094000
0.121000
0.171000
0.080000
0.106000
0.106000
0.089000
0.197000
0.109000
0.095000
0.102000
0.196000
0.097000
0.111000
0.087000
0.120000
0.116000
0.190000
0.189000
29.985000
0.114000
0.087000
0.106000
0.102000
0.098000
0.100000
0.105000
0.091000
0.105000
0.111000
0.175000
0.118000
0.108000
0.086000
0.111000
0.092000
1.609000
0.083000
0.116000
0.103000
0.096000
0.189000
0.092000
0.118000
172.794000
0.104000
0.092000
0.083000
0.078000
0.086000
0.079000
0.099000
0.095000
0.092000
0.189000
0.104000
0.108000
1.291000
0.119000
0.078000
0.125000
0.184000
0.134000
233.854000
0.096000
0.112000
0.092000
0.097000
0.102000
0.106000
0.106000
0.114000
0.164000
0.103000
0.119000
0.090000
0.894000
0.120000
0.078000
0.100000
0.100000
0.099000
0.105000
0.095000
0.098000
0.095000
0.125000
0.086000
0.102000
0.094000
0.104000
0.102000
0.114000
0.113000
0.112000
0.163000
0.126000
0.070000
0.124000
0.071000
0.113000
0.104000
0.104000
0.088000
0.089000
0.113000
0.105000
0.103000
0.095000
0.090000
0.114000
0.105000
0.102000
0.175000
0.119000
0.078000
17.411000
0.094000
0.115000
0.112000
0.091000
0.088000
0.198000
0.097000
0.104000
1.502000
0.105000
0.118000
0.072000
0.104000
0.098000
0.108000
0.088000
0.104000
0.103000
0.093000
0.109000
0.143000
0.148000
0.109000
0.098000
0.093000
0.108000
0.123000
0.065000
0.118000
0.100000
0.088000
0.098000
0.105000
0.113000
1.005000
0.187000
0.051000
0.962000
0.192000
0.090000
0.106000
0.596000
0.095000
0.108000
0.098000
0.093000
0.103000
0.096000
0.112000
0.101000
0.112000
0.111000
0.164000
0.098000
0.117000
0.088000
0.102000
0.107000
0.090000
0.103000
0.095000
0.104000
0.097000
0.107000
0.113000
0.077000
0.114000
0.098000
0.106000
0.088000
0.104000
0.197000
575.429000
0.085000
0.187000
0.220000
0.103000
0.175000
0.207000
0.113000
0.105000
0.103000
0.183000
0.097000
0.101000
0.108000
0.102000
0.092000
0.120000
0.089000
0.109000
0.095000
2.193000
0.109000
0.101000
0.152000
0.153000
0.101000
0.190000
0.197000
0.188000
0.106000
0.112000
0.090000
0.123000
0.168000
0.108000
192.720000
0.178000
0.111000
0.075000
0.712000
0.249000
0.562000
0.093000
0.107000
0.190000
0.096000
0.111000
0.087000
0.099000
0.110000
0.095000
0.098000
0.098000
0.097000
0.117000
0.088000
0.096000
0.114000
0.101000
0.101000
0.185000
0.104000
0.098000
0.120000
18.377000
0.124000
0.079000
0.098000
0.104000
0.092000
0.209000
0.111000
0.188000
0.097000
0.111000
0.085000
0.101000
0.107000
0.117000
0.077000
0.106000
0.113000
0.090000
0.101000
0.087000
0.105000
0.204000
0.124000
0.170000
0.109000
0.184000
0.108000
131.602000
0.124000
0.183000
0.191000
0.112000
0.102000
0.092000
0.197000
0.193000
0.098000
0.105000
0.100000
0.107000
0.094000
0.099000
0.099000
0.105000
0.084000
0.071000
0.088000
0.171000
0.090000
0.095000
0.119000
0.172000
0.112000
0.104000
0.094000
0.102000
471.618000
0.094000
0.189000
0.104000
0.210000
0.190000
0.093000
0.111000
0.097000
0.159000
0.132000
0.111000
557.197000
0.098000
0.110000
0.084000
0.114000
0.086000
0.135000
2791.556000
0.105000
0.117000
0.178000
0.124000
0.100000
0.100000
0.188000
0.097000
0.100000
0.111000
0.097000
0.186000
0.115000
0.099000
0.110000
0.186000
0.107000
0.188000
0.099000
0.107000
0.088000
0.117000
0.109000
0.093000
0.183000
0.118000
718.495000
0.110000
0.173000
0.112000
0.109000
0.182000
0.100000
0.105000
0.110000
0.100000
0.108000
0.094000
0.106000
0.107000
0.277000
0.098000
0.108000
0.102000
0.103000
0.091000
0.199000
0.099000
0.097000
0.116000
0.082000
0.115000
0.095000
0.109000
0.107000
0.177000
0.110000
0.089000
0.103000
0.097000
0.111000
0.099000
0.091000
0.092000
0.113000
1553.796000
0.105000
0.114000
0.100000
0.187000
0.094000
0.128000
0.174000
43.492000
0.124000
0.082000
0.114000
0.193000
1011.720000
0.240000
0.048000
0.106000
0.125000
0.167000
0.105000
0.106000
0.176000
0.103000
0.100000
0.105000
0.096000
0.110000
0.086000
0.094000
0.130000
0.094000
0.192000
0.102000
0.101000
0.110000
0.103000
0.174000
0.108000
693.998000
0.106000
0.113000
0.105000
0.079000
0.111000
0.114000
0.102000
0.090000
0.113000
0.071000
0.109000
0.102000
0.100000
0.186000
0.097000
0.113000
127.701000
0.188000
1.294000
0.056000
0.158000
0.112000
0.775000
0.095000
0.127000
0.096000
5.601000
0.075000
0.114000
0.096000
0.112000
0.082000
0.126000
0.189000
0.085000
0.106000
0.094000
0.109000
0.102000
0.105000
0.102000
0.105000
0.094000
0.095000
53.108000
0.096000
0.115000
0.090000
0.486000
0.120000
0.103000
0.176000
0.079000
0.051000
0.113000
0.070000
0.104000
0.092000
0.105000
