0.000000
0.097000
0.102000
0.096000
0.193000
0.110000
0.092000
0.102000
0.093000
0.109000
0.095000
0.113000
0.098000
0.099000
0.099000
0.098000
0.114000
0.097000
0.247000
0.124000
0.087000
0.051000
0.085000
0.097000
0.099000
0.101000
0.102000
0.105000
0.099000
0.095000
0.293000
0.102000
0.110000
0.091000
0.107000
0.190000
0.117000
0.186000
23.811000
0.102000
0.093000
0.107000
0.184000
0.102000
0.097000
0.109000
0.095000
0.104000
0.119000
0.090000
0.092000
0.192000
0.098000
0.103000
0.103000
0.097000
0.111000
0.183000
0.101000
0.128000
0.087000
0.197000
0.107000
0.096000
0.104000
0.097000
0.193000
0.094000
0.098000
0.104000
0.097000
0.109000
82.694000
0.110000
0.094000
0.099000
0.197000
0.096000
0.105000
0.106000
0.106000
0.186000
0.119000
0.102000
0.098000
0.097000
0.190000
0.093000
0.099000
0.137000
0.138000
0.097000
0.079000
0.066000
0.098000
0.103000
0.092000
0.099000
0.099000
0.193000
0.116000
0.182000
0.106000
0.099000
0.140000
0.061000
0.132000
0.078000
0.104000
0.088000
0.102000
0.107000
0.089000
30.151000
0.086000
0.067000
0.103000
0.286000
0.105000
0.123000
0.091000
0.105000
0.096000
0.193000
0.094000
0.107000
0.100000
0.104000
0.089000
0.105000
0.102000
0.100000
0.096000
0.102000
0.103000
0.097000
0.095000
30.593000
0.108000
0.099000
0.096000
0.114000
0.095000
0.192000
0.087000
0.107000
0.108000
0.092000
0.115000
0.089000
0.105000
0.095000
0.102000
0.106000
0.109000
0.191000
0.100000
0.102000
0.100000
0.105000
0.095000
0.100000
0.202000
0.111000
0.091000
0.184000
0.113000
0.103000
0.099000
0.183000
0.108000
0.097000
31.019000
0.188000
0.093000
0.095000
0.097000
0.110000
0.108000
0.099000
0.102000
0.107000
0.085000
0.124000
0.176000
0.301000
0.199000
0.098000
0.103000
0.189000
0.113000
0.113000
0.112000
0.163000
0.099000
0.102000
0.097000
0.136000
0.089000
0.179000
0.120000
0.093000
0.190000
0.101000
0.092000
0.106000
0.097000
0.100000
0.099000
28.751000
0.158000
0.197000
0.096000
0.111000
0.099000
0.197000
0.098000
0.099000
0.101000
0.104000
0.193000
0.098000
0.103000
0.104000
0.100000
0.111000
0.095000
0.094000
0.119000
0.181000
0.112000
0.101000
0.098000
0.092000
0.100000
113.889000
0.100000
0.097000
0.098000
0.208000
0.103000
0.103000
0.103000
0.114000
0.091000
0.099000
0.178000
0.205000
0.099000
0.108000
0.109000
0.184000
0.108000
0.094000
0.102000
0.097000
0.097000
0.105000
0.106000
0.102000
0.103000
0.105000
0.098000
0.108000
0.175000
0.107000
0.088000
0.126000
27.492000
0.218000
0.184000
0.105000
0.095000
0.112000
0.103000
0.085000
0.095000
0.115000
0.100000
0.100000
0.102000
0.093000
0.104000
0.092000
0.100000
0.199000
0.113000
0.175000
0.111000
0.091000
0.110000
0.097000
0.104000
0.182000
0.103000
0.099000
0.105000
0.101000
0.104000
0.148000
0.084000
0.070000
6.299000
0.101000
0.109000
0.094000
0.108000
0.190000
16.793000
0.100000
0.095000
0.100000
0.119000
0.091000
0.103000
0.097000
0.105000
26.392000
0.111000
0.099000
0.108000
0.174000
0.117000
0.189000
0.095000
0.106000
0.106000
0.095000
0.110000
0.184000
0.106000
0.204000
0.107000
0.188000
0.094000
0.114000
0.075000
0.212000
0.098000
0.110000
0.103000
0.106000
0.094000
0.100000
0.112000
0.091000
0.106000
0.105000
0.192000
0.184000
0.108000
0.108000
0.113000
0.079000
0.108000
0.092000
0.102000
0.223000
0.173000
0.119000
0.173000
0.103000
0.106000
0.103000
0.096000
0.185000
0.112000
0.095000
0.097000
0.101000
0.103000
0.103000
0.107000
0.102000
0.182000
0.121000
0.182000
0.099000
0.103000
0.097000
0.103000
0.093000
0.067000
0.064000
0.101000
0.092000
0.178000
0.101000
0.099000
0.103000
0.098000
0.102000
0.104000
0.099000
0.105000
0.195000
0.111000
0.090000
0.101000
0.096000
0.115000
0.185000
0.104000
0.098000
0.097000
0.098000
0.102000
1.311000
0.099000
0.088000
0.205000
0.104000
0.092000
0.097000
0.207000
0.102000
0.096000
0.218000
0.099000
0.177000
0.124000
0.081000
0.101000
0.113000
0.095000
0.108000
8.310000
0.099000
0.176000
0.099000
0.095000
0.117000
0.193000
0.115000
0.198000
0.189000
0.094000
0.113000
0.183000
0.106000
0.099000
0.096000
0.105000
0.086000
0.049000
0.098000
0.089000
0.177000
0.105000
0.091000
0.118000
0.190000
0.104000
0.096000
0.099000
0.101000
0.106000
0.093000
0.086000
0.102000
0.111000
0.103000
16.006000
0.104000
0.101000
0.177000
0.116000
0.110000
0.097000
0.392000
0.109000
0.185000
0.107000
0.107000
0.101000
0.106000
0.097000
0.285000
0.107000
0.107000
0.094000
0.186000
0.125000
0.102000
0.100000
0.094000
0.185000
3.997000
0.106000
0.114000
0.187000
0.094000
0.371000
0.100000
0.063000
0.281000
0.097000
0.095000
0.495000
0.095000
0.103000
0.105000
0.193000
0.106000
0.096000
0.095000
0.115000
0.091000
0.204000
7.109000
0.095000
0.114000
0.089000
0.181000
0.109000
0.405000
0.098000
0.298000
0.090000
0.115000
0.186000
0.115000
0.106000
0.096000
0.183000
0.114000
0.103000
0.100000
0.111000
0.088000
3.994000
0.095000
0.102000
0.097000
0.107000
0.197000
0.100000
0.100000
0.086000
0.219000
0.184000
0.107000
0.098000
0.180000
0.116000
0.050000
0.082000
0.102000
0.084000
0.183000
0.116000
0.191000
0.105000
0.090000
0.099000
0.097000
0.110000
0.096000
0.099000
0.112000
0.102000
0.095000
83.803000
0.193000
0.122000
0.085000
0.109000
0.189000
0.100000
0.103000
0.096000
0.107000
0.110000
0.181000
0.089000
0.104000
0.107000
0.106000
0.096000
0.195000
0.118000
0.176000
0.098000
0.107000
0.108000
0.104000
3.986000
0.103000
0.104000
0.099000
0.198000
0.098000
0.110000
0.105000
0.185000
0.101000
0.109000
0.092000
0.105000
0.097000
0.103000
0.096000
0.103000
0.096000
0.112000
0.184000
0.106000
0.100000
0.103000
0.092000
0.099000
0.100000
0.105000
0.097000
1.918000
0.076000
0.121000
0.081000
0.207000
0.103000
0.099000
0.099000
0.106000
0.114000
0.097000
0.178000
0.101000
0.105000
0.092000
0.115000
0.186000
0.109000
0.095000
0.107000
0.093000
0.194000
0.103000
0.099000
0.103000
0.092000
0.346000
0.109000
0.090000
0.079000
0.192000
0.093000
0.296000
0.112000
132.600000
0.291000
0.103000
0.093000
0.110000
0.095000
0.100000
0.103000
0.098000
0.100000
0.096000
0.100000
0.109000
0.102000
0.105000
0.097000
0.184000
0.121000
0.162000
0.057000
0.080000
0.095000
0.112000
0.092000
0.186000
0.100000
0.117000
0.108000
0.095000
14.298000
0.092000
0.103000
0.192000
0.103000
0.098000
2.303000
0.191000
0.104000
0.202000
0.093000
0.103000
0.094000
0.114000
0.091000
0.099000
0.109000
0.090000
0.099000
0.104000
0.101000
0.097000
0.107000
0.093000
0.101000
0.100000
0.103000
0.103000
0.092000
0.102000
0.131000
0.091000
0.080000
0.126000
0.171000
0.097000
0.105000
0.099000
0.099000
0.098000
2.798000
0.122000
0.098000
0.092000
0.190000
0.111000
0.185000
0.125000
0.180000
0.103000
0.099000
0.111000
0.185000
0.065000
0.082000
0.072000
0.107000
0.178000
0.098000
0.092000
0.122000
0.186000
0.097000
0.098000
0.115000
0.090000
0.201000
0.111000
0.103000
0.098000
0.108000
0.080000
0.152000
0.069000
0.185000
0.103000
0.099000
131.596000
0.109000
0.112000
0.285000
0.122000
0.079000
0.103000
0.190000
0.404000
0.097000
0.403000
0.098000
0.196000
0.211000
0.108000
0.103000
0.487000
0.100000
0.092000
0.108000
0.195000
0.170000
0.134000
0.097000
0.107000
0.181000
0.104000
90.395000
0.196000
0.102000
0.102000
0.106000
0.103000
0.103000
0.185000
0.103000
0.115000
0.101000
0.179000
0.101000
0.097000
0.106000
0.116000
0.082000
0.102000
0.105000
0.095000
0.101000
0.103000
0.103000
0.111000
0.080000
0.127000
0.098000
0.186000
0.107000
0.182000
0.095000
0.118000
0.107000
0.111000
0.181000
0.099000
56.409000
0.196000
0.105000
0.097000
0.281000
0.122000
0.096000
0.303000
0.102000
0.305000
0.210000
0.393000
0.098000
0.186000
0.097000
0.110000
0.094000
0.111000
0.092000
0.205000
42.403000
0.088000
0.187000
0.123000
0.098000
0.103000
0.294000
0.107000
0.101000
0.096000
0.100000
0.206000
0.098000
0.101000
0.098000
0.357000
0.094000
0.060000
0.077000
0.396000
0.117000
0.098000
0.395000
0.092000
0.108000
6.384000
0.110000
0.110000
0.108000
0.090000
0.099000
0.211000
0.107000
0.111000
0.329000
0.070000
0.081000
0.100000
0.284000
0.146000
0.066000
0.105000
0.080000
0.117000
0.095000
0.204000
0.093000
0.187000
0.311000
0.095000
0.154000
0.055000
0.198000
0.292000
0.114000
0.301000
0.090000
0.121000
0.584000
0.211000
0.085000
0.098000
0.196000
0.410000
0.205000
0.187000
0.201000
0.126000
0.274000
0.109000
0.305000
0.107000
0.097000
0.079000
0.309000
0.096000
0.101000
0.295000
0.110000
0.387000
0.305000
0.111000
0.202000
52.496000
0.087000
0.109000
0.097000
0.099000
0.104000
0.100000
0.108000
0.103000
0.168000
0.110000
0.100000
0.100000
0.110000
0.086000
0.097000
0.110000
0.098000
0.108000
0.093000
0.103000
0.089000
0.116000
0.111000
0.095000
0.106000
0.179000
0.107000
0.099000
76.298000
0.095000
0.108000
0.090000
0.098000
0.107000
0.194000
54.796000
0.107000
0.104000
0.109000
0.188000
0.106000
0.100000
0.104000
0.171000
0.108000
0.112000
0.102000
0.097000
0.098000
0.108000
0.105000
0.093000
0.188000
0.102000
0.112000
0.126000
0.093000
0.173000
0.104000
8.624000
0.145000
0.063000
0.111000
0.077000
0.092000
0.181000
0.107000
0.099000
0.099000
0.112000
0.153000
0.082000
0.097000
0.072000
0.101000
0.176000
0.127000
0.094000
0.187000
0.107000
0.189000
0.111000
0.107000
0.099000
0.092000
0.138000
0.082000
0.116000
0.089000
0.121000
0.072000
0.097000
9.383000
0.167000
0.070000
0.116000
0.060000
0.089000
0.107000
0.106000
0.087000
0.107000
0.097000
0.104000
0.097000
0.160000
0.241000
0.174000
0.110000
0.202000
0.106000
0.111000
0.097000
0.087000
0.116000
0.113000
0.170000
0.093000
0.105000
0.114000
0.101000
0.190000
110.008000
0.196000
0.198000
0.106000
0.187000
0.102000
0.105000
0.100000
0.097000
0.114000
0.177000
0.122000
0.083000
0.099000
0.107000
0.195000
0.114000
0.098000
0.094000
0.105000
0.094000
0.196000
0.105000
0.104000
0.108000
0.093000
0.192000
0.112000
0.183000
171.000000
0.099000
0.107000
0.101000
0.111000
0.101000
0.091000
0.197000
0.099000
0.098000
0.095000
0.105000
0.106000
0.090000
0.101000
0.101000
0.099000
0.101000
0.105000
0.097000
0.095000
0.107000
0.098000
0.109000
0.105000
420.692000
0.100000
0.108000
0.094000
0.102000
0.099000
0.114000
0.091000
0.100000
0.104000
0.102000
0.096000
0.102000
0.100000
0.089000
142.817000
0.105000
0.093000
0.099000
0.099000
0.155000
0.057000
0.095000
0.077000
0.113000
0.206000
0.090000
0.100000
0.090000
0.108000
0.101000
0.104000
0.190000
0.094000
0.121000
0.095000
0.106000
0.186000
0.109000
0.100000
0.094000
0.219000
0.105000
7.973000
0.197000
0.109000
0.097000
0.094000
0.192000
0.095000
0.118000
0.093000
0.112000
0.105000
0.107000
0.168000
0.116000
0.108000
0.105000
0.101000
0.091000
0.188000
0.098000
0.114000
0.097000
0.101000
0.113000
0.091000
0.090000
0.104000
0.104000
0.092000
0.105000
0.194000
0.105000
0.104000
0.087000
0.134000
0.066000
0.115000
0.095000
0.099000
247.603000
0.097000
0.194000
0.099000
0.103000
0.106000
0.109000
0.106000
0.081000
0.109000
0.099000
0.117000
0.088000
0.120000
0.067000
0.119000
0.096000
0.085000
0.095000
0.111000
0.098000
0.102000
0.101000
0.106000
0.097000
0.088000
0.195000
0.100000
0.118000
0.093000
0.105000
0.097000
0.189000
0.130000
0.082000
0.103000
0.093000
0.093000
0.103000
0.099000
0.105000
0.099000
0.098000
0.104000
0.111000
0.082000
0.116000
0.099000
0.092000
0.116000
0.068000
0.118000
0.100000
0.099000
0.103000
0.098000
0.117000
0.084000
0.097000
0.187000
0.097000
0.106000
0.198000
0.109000
0.098000
0.100000
40.003000
0.118000
0.111000
0.104000
0.124000
0.073000
0.089000
0.079000
0.222000
0.079000
0.103000
0.109000
0.119000
0.071000
0.095000
0.103000
0.105000
0.096000
0.105000
0.107000
0.098000
0.097000
0.093000
0.111000
0.093000
0.098000
0.170000
0.061000
0.083000
0.075000
0.112000
0.151000
0.067000
0.085000
0.092000
0.105000
0.092000
0.103000
28.797000
0.129000
0.104000
0.063000
0.124000
0.093000
0.183000
0.116000
0.090000
0.180000
0.102000
0.056000
0.069000
12.503000
0.086000
0.119000
0.099000
0.285000
0.112000
0.101000
0.184000
0.112000
0.113000
0.082000
0.119000
0.188000
0.109000
0.094000
121.194000
0.104000
0.085000
0.103000
0.197000
0.107000
0.103000
34.996000
0.115000
0.176000
0.098000
0.121000
0.095000
0.106000
0.084000
0.110000
0.093000
0.111000
0.101000
0.092000
79.906000
0.091000
0.098000
0.124000
0.110000
0.082000
0.112000
0.090000
0.089000
0.205000
0.198000
0.095000
0.201000
0.099000
0.102000
0.097000
0.189000
0.102000
0.109000
0.097000
0.105000
0.115000
0.103000
0.096000
0.101000
0.173000
0.100000
0.106000
0.198000
0.107000
0.184000
0.104000
0.102000
3.410000
0.111000
0.090000
0.106000
0.103000
0.096000
0.082000
0.210000
0.105000
0.100000
0.194000
0.108000
0.112000
0.113000
0.063000
0.198000
0.104000
0.097000
0.104000
0.101000
0.108000
0.095000
2.493000
0.101000
0.112000
0.118000
0.069000
0.233000
0.089000
0.102000
0.070000
0.119000
0.119000
0.174000
0.095000
22.717000
0.108000
0.073000
0.191000
0.131000
0.100000
0.110000
0.080000
0.096000
0.291000
0.097000
0.116000
0.110000
0.177000
0.097000
0.099000
0.206000
0.090000
0.109000
0.100000
0.121000
13.369000
0.153000
0.112000
0.072000
0.170000
0.120000
0.086000
0.103000
0.107000
0.187000
0.103000
0.100000
0.123000
0.271000
0.108000
0.100000
0.217000
0.092000
0.094000
0.196000
0.106000
0.106000
0.106000
0.087000
0.094000
0.111000
0.181000
3.108000
0.096000
0.110000
0.092000
0.118000
0.083000
0.116000
0.084000
0.111000
0.097000
0.098000
0.197000
0.102000
0.105000
0.200000
0.106000
0.187000
0.122000
0.095000
0.092000
0.092000
0.104000
0.184000
0.097000
0.106000
0.090000
0.108000
0.102000
0.120000
0.158000
0.060000
0.066000
0.116000
0.099000
0.097000
0.112000
0.180000
0.197000
0.107000
0.105000
0.188000
0.093000
0.098000
0.111000
0.096000
0.120000
0.095000
0.107000
0.098000
0.091000
0.110000
0.091000
0.086000
0.112000
0.194000
0.084000
0.073000
0.070000
0.169000
0.094000
0.109000
0.112000
0.184000
0.099000
0.055000
0.090000
0.127000
0.066000
0.091000
0.070000
0.122000
0.077000
0.119000
0.092000
0.111000
0.077000
0.118000
0.101000
0.094000
1.494000
0.107000
0.102000
0.191000
0.103000
0.190000
0.103000
0.096000
0.106000
0.116000
0.101000
0.184000
0.101000
0.107000
0.098000
0.101000
0.091000
0.104000
0.104000
0.102000
0.196000
0.114000
0.090000
0.097000
0.095000
0.101000
0.102000
0.114000
0.085000
0.104000
0.188000
0.102000
0.160000
10.255000
0.100000
0.112000
0.080000
0.404000
0.096000
0.105000
0.403000
0.111000
0.082000
0.108000
0.095000
0.108000
0.176000
0.126000
0.112000
0.291000
0.098000
0.112000
0.102000
7.480000
0.094000
0.104000
0.094000
0.310000
0.101000
0.180000
0.133000
0.114000
0.106000
0.120000
0.198000
0.139000
0.073000
0.127000
0.161000
0.088000
0.118000
17.842000
0.105000
0.102000
0.086000
0.126000
0.079000
0.182000
0.105000
0.113000
0.194000
0.108000
0.098000
0.100000
0.096000
0.097000
0.097000
0.197000
0.098000
0.097000
0.106000
0.142000
0.119000
0.073000
0.113000
0.054000
0.123000
0.170000
0.101000
35.702000
0.115000
0.177000
0.211000
0.107000
0.116000
0.082000
0.191000
0.124000
0.102000
0.177000
0.113000
0.099000
0.108000
0.099000
0.083000
0.111000
0.124000
0.088000
0.087000
0.189000
0.108000
0.088000
0.109000
0.103000
0.099000
0.117000
0.088000
0.099000
0.097000
0.132000
0.084000
0.099000
18.182000
0.146000
0.090000
0.081000
0.101000
0.096000
0.094000
0.087000
0.113000
0.086000
0.110000
0.092000
0.116000
0.082000
0.106000
0.094000
0.113000
0.095000
0.123000
0.095000
0.093000
0.097000
0.091000
0.105000
0.094000
0.102000
0.118000
0.073000
0.117000
0.099000
0.080000
0.115000
0.106000
0.103000
0.108000
0.083000
2.183000
0.119000
0.093000
0.108000
0.108000
0.095000
0.107000
0.089000
0.101000
0.100000
0.101000
0.105000
0.095000
0.090000
0.114000
0.097000
0.091000
0.101000
0.095000
0.227000
0.096000
0.090000
0.140000
0.063000
0.083000
0.119000
0.105000
0.091000
0.104000
0.097000
0.083000
0.104000
0.099000
35.610000
0.161000
0.088000
0.065000
0.091000
0.097000
0.103000
0.084000
0.112000
0.095000
0.106000
0.101000
37.087000
0.099000
0.108000
0.100000
0.099000
0.199000
0.095000
0.102000
0.299000
0.103000
0.093000
0.111000
0.101000
0.102000
0.106000
0.097000
0.087000
0.102000
0.096000
0.104000
0.099000
0.096000
0.108000
0.093000
0.111000
0.092000
0.093000
0.110000
0.108000
0.096000
0.096000
0.104000
0.094000
0.113000
2.185000
0.106000
0.091000
0.102000
0.202000
0.199000
0.126000
0.070000
0.110000
0.092000
0.113000
0.099000
0.105000
0.097000
0.092000
0.110000
0.093000
0.092000
0.161000
0.073000
0.155000
0.119000
0.108000
0.094000
0.098000
0.091000
0.107000
0.106000
0.100000
0.087000
0.106000
0.096000
0.105000
0.097000
0.098000
0.105000
84.798000
0.095000
0.159000
0.090000
0.091000
0.076000
0.082000
0.125000
0.099000
0.217000
0.090000
0.084000
0.110000
0.097000
0.187000
0.104000
0.090000
0.201000
0.100000
0.102000
0.203000
0.100000
0.301000
0.095000
0.112000
0.100000
0.085000
0.210000
0.096000
0.104000
0.107000
0.208000
0.105000
0.077000
0.096000
0.113000
0.098000
189.201000
0.099000
0.098000
0.112000
0.075000
0.114000
0.094000
0.101000
0.098000
0.106000
0.108000
0.100000
0.085000
0.100000
0.112000
0.077000
0.206000
0.103000
0.103000
0.119000
0.093000
0.094000
0.096000
0.101000
0.096000
0.095000
0.106000
0.105000
0.091000
0.142000
0.085000
0.096000
0.095000
0.098000
0.081000
0.102000
0.112000
0.113000
0.105000
0.080000
0.173000
0.093000
0.052000
0.076000
0.113000
0.112000
0.087000
0.081000
0.102000
0.101000
79.221000
0.101000
0.100000
0.090000
0.106000
0.098000
0.088000
0.096000
0.098000
0.100000
0.100000
0.107000
0.107000
0.103000
0.095000
0.095000
0.112000
0.111000
0.071000
0.103000
0.110000
0.095000
0.110000
0.082000
0.106000
0.096000
0.105000
0.106000
0.092000
0.107000
0.098000
0.098000
0.123000
0.080000
0.096000
0.109000
0.095000
0.093000
0.107000
0.093000
0.095000
0.101000
6.793000
0.121000
0.104000
0.106000
0.073000
0.126000
0.105000
0.075000
0.119000
0.089000
0.090000
0.107000
0.093000
0.193000
0.106000
0.102000
0.104000
0.099000
0.101000
0.115000
0.152000
0.142000
0.148000
0.053000
0.105000
0.093000
0.119000
0.088000
0.082000
0.106000
477.202000
0.098000
0.109000
0.086000
0.101000
0.206000
0.094000
0.100000
0.098000
0.101000
0.097000
0.102000
0.107000
0.098000
0.093000
0.108000
0.098000
141.314000
0.095000
0.109000
0.089000
0.086000
0.120000
0.082000
0.144000
0.073000
0.107000
0.080000
0.101000
0.104000
0.097000
0.111000
0.109000
0.089000
0.097000
0.097000
0.113000
0.087000
0.101000
0.091000
0.107000
0.090000
0.134000
0.064000
0.117000
0.090000
0.109000
0.089000
0.102000
0.165000
0.102000
0.050000
0.112000
0.078000
0.103000
84.408000
0.078000
0.120000
0.085000
0.206000
0.111000
0.104000
0.127000
0.092000
0.084000
0.091000
0.087000
0.221000
0.089000
0.103000
0.086000
0.108000
0.096000
0.198000
0.094000
0.108000
0.099000
0.102000
0.098000
0.098000
0.102000
215.915000
0.097000
0.075000
0.128000
0.087000
0.089000
0.197000
0.112000
0.088000
0.111000
0.109000
0.103000
0.102000
0.171000
0.074000
0.070000
0.075000
0.118000
0.081000
0.106000
0.109000
0.085000
0.115000
0.096000
0.138000
0.075000
0.085000
0.093000
0.098000
0.093000
0.101000
0.106000
0.114000
0.081000
0.102000
0.095000
0.115000
0.083000
0.104000
0.096000
0.108000
0.099000
0.122000
0.084000
39.622000
0.073000
0.106000
0.111000
0.173000
0.114000
0.083000
0.119000
0.095000
0.195000
0.189000
0.116000
0.109000
0.089000
0.104000
0.098000
0.095000
0.098000
0.193000
0.115000
0.096000
96.276000
0.263000
0.134000
0.071000
0.104000
0.094000
0.064000
0.089000
0.111000
0.100000
0.113000
0.075000
0.113000
0.095000
0.100000
0.111000
0.082000
0.113000
0.080000
0.114000
0.110000
0.086000
0.113000
0.096000
0.099000
0.089000
121.991000
0.115000
0.093000
0.134000
0.119000
0.052000
0.192000
0.098000
0.108000
0.108000
0.097000
0.102000
0.096000
0.090000
0.108000
0.192000
0.106000
0.194000
0.098000
0.105000
0.108000
0.090000
0.109000
0.096000
0.104000
0.092000
0.103000
0.092000
0.197000
67.023000
0.079000
0.112000
0.196000
0.120000
0.101000
0.070000
0.112000
0.195000
0.195000
0.109000
0.094000
0.107000
0.101000
0.188000
0.106000
0.112000
0.187000
0.109000
0.119000
0.094000
0.084000
0.092000
0.109000
0.108000
0.093000
0.093000
0.175000
0.050000
0.098000
0.120000
0.073000
0.121000
0.063000
0.121000
0.078000
0.101000
0.108000
0.109000
0.098000
0.103000
0.102000
0.092000
0.087000
0.299000
0.103000
0.098000
0.109000
0.112000
0.086000
0.207000
0.106000
0.103000
0.176000
0.103000
0.225000
0.102000
0.084000
0.217000
0.086000
0.093000
0.088000
0.203000
0.125000
0.096000
0.099000
92.902000
0.095000
0.101000
0.119000
0.168000
0.110000
0.180000
0.107000
0.294000
0.113000
0.095000
0.104000
0.101000
0.093000
0.098000
0.108000
0.091000
0.107000
0.106000
0.096000
0.191000
0.104000
0.119000
0.097000
0.103000
0.102000
0.080000
0.121000
0.082000
0.194000
0.207000
0.093000
13.108000
0.104000
0.090000
0.110000
0.091000
0.106000
0.090000
16.217000
0.176000
0.115000
0.113000
0.098000
0.082000
0.112000
0.089000
0.107000
0.195000
0.189000
0.101000
0.106000
0.115000
0.108000
0.084000
0.118000
0.085000
0.109000
0.085000
0.193000
0.106000
0.103000
0.092000
0.105000
0.108000
0.097000
0.187000
0.098000
0.106000
0.101000
0.101000
0.123000
8.692000
0.115000
0.096000
0.091000
0.098000
0.104000
0.080000
0.106000
0.290000
0.100000
0.110000
0.115000
0.085000
0.100000
0.110000
0.177000
0.106000
0.115000
0.100000
0.091000
0.106000
0.098000
0.099000
0.088000
0.111000
0.103000
0.101000
0.111000
0.074000
0.116000
187.896000
0.098000
0.114000
0.097000
0.099000
0.100000
0.090000
0.106000
0.095000
0.099000
0.216000
0.090000
0.200000
0.087000
0.104000
0.208000
0.099000
0.102000
0.089000
0.112000
0.095000
0.103000
0.100000
1378.497000
0.097000
0.107000
0.100000
0.118000
0.182000
0.104000
0.098000
12.210000
0.090000
0.097000
0.113000
0.226000
0.064000
0.142000
0.064000
0.098000
0.100000
0.103000
0.104000
0.083000
0.107000
0.099000
0.109000
0.083000
0.112000
0.109000
0.089000
518.899000
0.294000
0.204000
0.206000
0.099000
0.117000
0.084000
0.100000
0.076000
0.183000
0.049000
0.080000
0.233000
0.162000
0.172000
0.057000
0.107000
0.083000
0.107000
0.091000
0.097000
0.102000
0.104000
0.092000
0.098000
0.103000
0.122000
0.098000
0.135000
0.088000
0.082000
0.080000
0.102000
0.098000
0.104000
0.092000
173.089000
0.113000
0.094000
0.090000
0.097000
0.123000
0.103000
0.097000
0.108000
0.096000
0.297000
0.095000
0.103000
0.097000
0.115000
0.100000
0.097000
105.107000
0.067000
0.108000
0.133000
0.190000
0.287000
0.099000
0.094000
0.103000
0.109000
0.093000
0.115000
0.078000
0.152000
0.151000
0.195000
0.108000
0.112000
0.109000
0.186000
0.095000
0.132000
0.164000
0.245000
114.567000
0.103000
0.096000
0.098000
0.088000
0.113000
0.088000
0.105000
0.101000
0.104000
0.108000
0.089000
0.105000
0.095000
0.094000
0.110000
0.094000
0.099000
0.097000
0.107000
0.099000
0.109000
0.097000
0.090000
0.096000
0.119000
0.157000
0.050000
0.072000
0.115000
0.102000
0.111000
0.072000
100.608000
0.092000
0.103000
0.218000
0.098000
0.098000
0.185000
0.211000
0.187000
0.120000
0.086000
0.206000
0.200000
0.092000
0.092000
0.111000
0.105000
0.119000
0.082000
0.079000
0.103000
0.203000
601.297000
0.099000
0.105000
0.202000
0.110000
0.297000
0.089000
0.100000
0.108000
0.300000
0.090000
0.098000
0.106000
0.096000
14.693000
0.129000
0.096000
0.107000
0.296000
0.081000
0.101000
0.107000
0.093000
0.215000
1.613000
0.090000
0.083000
0.113000
0.108000
0.271000
0.108000
0.096000
0.100000
0.112000
0.092000
0.098000
0.226000
0.105000
0.084000
0.080000
0.111000
68.297000
0.097000
0.088000
0.212000
0.115000
0.097000
0.106000
0.079000
0.111000
0.097000
0.096000
0.104000
0.101000
0.099000
0.110000
0.089000
0.114000
0.101000
0.073000
0.110000
0.095000
0.098000
817.091000
0.185000
0.121000
0.106000
0.107000
0.103000
0.088000
0.117000
0.082000
0.203000
0.112000
0.130000
0.096000
0.107000
0.106000
0.053000
0.113000
0.080000
0.102000
0.109000
0.196000
0.113000
0.108000
0.078000
0.106000
0.193000
0.097000
0.099000
0.099000
0.096000
0.115000
0.092000
0.107000
0.111000
0.095000
0.103000
0.087000
0.102000
0.093000
0.111000
0.085000
0.116000
0.103000
0.104000
64.088000
0.113000
0.091000
0.090000
0.103000
0.111000
0.096000
0.098000
0.107000
0.089000
0.104000
0.099000
0.093000
0.106000
0.093000
0.120000
0.189000
0.090000
0.111000
0.102000
0.092000
0.098000
0.095000
0.236000
0.132000
0.068000
0.114000
0.265000
0.099000
0.101000
0.105000
0.101000
0.079000
0.114000
0.099000
0.107000
0.088000
0.104000
0.100000
0.104000
0.098000
0.106000
0.092000
0.106000
0.095000
0.095000
0.103000
0.107000
0.091000
0.102000
0.091000
0.124000
0.097000
0.118000
616.060000
0.100000
0.099000
41.905000
0.106000
0.095000
0.101000
0.311000
0.083000
0.104000
0.095000
41.901000
0.106000
0.097000
0.111000
0.098000
0.303000
0.100000
0.088000
0.199000
0.202000
0.107000
0.203000
0.199000
0.093000
0.193000
0.205000
0.204000
0.094000
0.138000
0.083000
0.094000
0.101000
0.088000
0.101000
33.317000
0.112000
0.072000
0.216000
0.337000
0.153000
0.298000
0.106000
0.299000
0.180000
0.106000
0.206000
0.107000
0.204000
0.084000
0.099000
0.109000
10.122000
0.099000
0.088000
0.082000
0.102000
0.109000
0.105000
0.211000
98.288000
0.112000
0.061000
0.126000
0.186000
0.214000
0.097000
0.107000
0.086000
0.111000
0.085000
0.112000
0.096000
0.294000
0.093000
0.100000
0.213000
0.101000
0.095000
0.205000
0.207000
0.081000
0.319000
0.103000
0.100000
113.992000
0.095000
0.093000
0.111000
0.102000
0.108000
0.085000
0.104000
0.094000
0.115000
0.078000
0.197000
0.115000
0.111000
0.098000
0.101000
0.098000
0.086000
0.096000
0.095000
0.116000
0.097000
0.092000
0.097000
0.116000
0.097000
0.104000
0.096000
0.103000
58.788000
0.092000
0.108000
0.105000
0.094000
0.207000
0.100000
0.107000
0.204000
0.099000
0.092000
0.091000
0.099000
0.112000
0.108000
0.080000
0.123000
0.083000
0.195000
0.104000
0.194000
0.103000
261.919000
0.097000
0.095000
0.180000
0.114000
0.100000
0.097000
0.106000
0.102000
0.092000
0.112000
0.092000
0.100000
0.109000
0.094000
145.093000
0.115000
0.081000
0.100000
0.262000
0.094000
0.052000
0.190000
0.113000
0.101000
0.099000
0.092000
44.003000
0.099000
0.102000
0.186000
0.114000
0.101000
0.105000
0.087000
0.106000
0.105000
0.190000
0.112000
0.092000
0.104000
0.159000
0.087000
0.142000
7.514000
0.091000
0.115000
0.088000
0.103000
4.990000
0.107000
0.096000
0.111000
0.193000
0.298000
0.323000
0.075000
0.104000
283.093000
0.125000
0.085000
0.099000
0.101000
0.105000
0.119000
0.071000
0.096000
0.102000
0.106000
0.092000
0.105000
0.167000
0.137000
0.166000
0.075000
0.062000
398.856000
0.145000
0.054000
0.073000
0.180000
0.087000
0.101000
0.107000
0.090000
0.212000
0.101000
0.095000
0.102000
0.103000
0.089000
0.098000
0.096000
0.111000
0.098000
0.107000
0.093000
261.617000
0.091000
0.103000
0.097000
0.097000
0.104000
0.202000
0.100000
0.096000
0.100000
0.116000
0.092000
0.101000
0.091000
0.100000
0.105000
0.094000
0.106000
0.183000
0.174000
0.071000
0.100000
0.075000
0.101000
0.091000
0.092000
0.113000
0.085000
0.113000
0.095000
0.097000
0.109000
0.095000
0.106000
0.102000
0.092000
1329.792000
0.118000
0.085000
0.103000
0.096000
0.111000
0.151000
0.051000
0.095000
0.090000
0.101000
0.110000
0.108000
0.085000
10.905000
0.098000
0.094000
0.111000
0.098000
0.233000
0.183000
0.083000
0.102000
0.108000
0.093000
0.090000
0.111000
0.098000
0.096000
0.102000
0.111000
12.193000
0.100000
0.104000
0.153000
118.836000
0.107000
0.108000
0.075000
0.130000
0.082000
0.096000
0.096000
0.108000
0.109000
0.091000
0.096000
0.110000
0.099000
0.108000
0.093000
681.403000
0.111000
0.124000
0.146000
0.123000
0.204000
0.105000
0.100000
0.103000
0.102000
0.077000
0.128000
0.070000
0.122000
0.069000
0.115000
0.091000
0.107000
0.110000
0.100000
0.098000
0.094000
0.098000
0.101000
0.112000
0.092000
0.101000
0.081000
0.114000
0.084000
0.162000
0.064000
0.085000
0.100000
0.107000
0.091000
0.112000
0.081000
605.004000
0.116000
0.092000
0.201000
0.212000
0.341000
0.056000
0.197000
0.095000
0.196000
0.296000
0.114000
0.101000
0.297000
0.102000
0.081000
0.100000
0.112000
0.115000
0.096000
0.098000
350.897000
0.088000
0.103000
0.414000
0.075000
0.097000
0.109000
0.193000
0.106000
0.110000
0.192000
0.204000
0.290000
0.100000
0.105000
0.100000
0.111000
0.297000
0.082000
0.103000
0.203000
0.100000
0.211000
0.080000
0.109000
0.108000
0.197000
0.196000
0.099000
12.910000
0.092000
0.102000
0.309000
0.102000
0.182000
0.097000
0.115000
0.099000
0.097000
0.208000
0.097000
0.093000
0.094000
0.103000
0.104000
0.199000
0.206000
0.311000
0.108000
0.079000
0.122000
0.181000
0.159000
0.126000
0.048000
254.471000
0.098000
0.082000
0.132000
0.093000
0.101000
0.085000
0.097000
0.104000
0.104000
0.099000
0.090000
0.101000
0.110000
0.092000
0.103000
0.112000
0.095000
0.117000
0.065000
0.121000
0.093000
0.105000
0.087000
0.107000
0.104000
0.103000
0.102000
0.098000
0.098000
0.088000
0.110000
0.112000
0.075000
0.118000
0.101000
0.098000
0.088000
0.091000
0.106000
0.109000
0.099000
0.111000
0.101000
0.109000
0.078000
1488.593000
0.090000
0.111000
0.102000
0.109000
0.092000
0.090000
0.116000
0.196000
0.111000
0.150000
0.133000
0.110000
0.091000
0.097000
0.106000
0.101000
0.110000
0.101000
0.090000
0.086000
0.098000
0.190000
0.053000
0.070000
0.105000
0.092000
0.114000
0.088000
0.098000
0.095000
0.094000
0.101000
0.110000
0.093000
0.114000
0.088000
0.203000
0.112000
0.095000
0.092000
0.096000
0.101000
0.105000
0.103000
0.114000
0.097000
0.097000
0.101000
0.092000
0.199000
0.101000
0.091000
0.111000
0.080000
784.847000
0.067000
0.104000
0.096000
0.099000
0.104000
0.115000
0.086000
0.117000
0.104000
0.093000
0.086000
60.190000
0.101000
0.102000
0.096000
0.103000
0.114000
0.106000
63.997000
0.096000
0.101000
0.095000
0.102000
0.102000
0.098000
0.095000
0.094000
0.109000
0.092000
0.099000
0.108000
0.099000
0.093000
0.113000
0.111000
0.086000
0.108000
0.087000
0.114000
0.094000
0.109000
0.089000
0.089000
0.109000
0.109000
0.089000
0.112000
0.104000
0.096000
0.091000
0.089000
0.119000
0.106000
397.185000
0.099000
0.102000
0.099000
0.106000
0.094000
0.099000
0.091000
0.099000
0.097000
0.106000
0.099000
0.106000
0.111000
0.089000
0.111000
0.089000
0.091000
0.101000
0.116000
0.101000
0.093000
0.091000
0.101000
0.102000
0.121000
0.093000
0.091000
0.094000
0.111000
0.093000
0.107000
0.097000
0.096000
0.102000
0.112000
0.099000
0.098000
0.104000
0.098000
0.092000
0.094000
0.105000
58.505000
0.069000
0.128000
0.094000
0.102000
0.100000
0.109000
0.089000
1005.118000
0.117000
0.069000
0.093000
0.103000
0.095000
0.098000
0.096000
0.107000
0.111000
0.197000
0.091000
0.108000
0.093000
0.111000
0.102000
0.084000
0.108000
0.093000
0.107000
0.104000
0.099000
0.092000
0.175000
0.063000
285.274000
0.080000
0.105000
0.106000
0.095000
0.100000
0.108000
0.091000
0.104000
0.106000
0.104000
0.104000
0.094000
0.088000
0.102000
0.104000
0.102000
0.097000
0.096000
0.109000
0.091000
0.107000
0.097000
0.108000
0.099000
0.095000
0.099000
0.109000
0.101000
0.094000
0.098000
0.104000
0.097000
0.097000
0.116000
0.098000
541.579000
0.121000
0.087000
0.106000
0.103000
0.102000
0.086000
0.126000
0.099000
0.090000
0.101000
0.082000
0.097000
0.108000
0.102000
0.100000
185.703000
0.093000
0.102000
0.091000
0.107000
0.091000
0.109000
0.103000
0.192000
0.101000
0.105000
0.107000
0.104000
0.093000
0.101000
67.704000
0.102000
0.095000
0.098000
0.113000
0.088000
0.089000
0.115000
0.084000
0.113000
0.103000
0.134000
0.074000
0.096000
0.081000
0.105000
0.102000
0.103000
0.100000
0.108000
0.099000
0.092000
0.105000
0.108000
0.098000
0.086000
0.089000
0.105000
0.100000
0.106000
0.108000
0.098000
0.110000
0.085000
0.098000
0.096000
0.101000
0.095000
0.107000
0.112000
0.099000
0.093000
0.102000
0.096000
0.098000
0.100000
0.111000
164.094000
0.098000
0.107000
0.103000
0.100000
0.093000
0.100000
0.098000
0.094000
0.106000
0.097000
0.108000
0.094000
0.106000
0.105000
0.096000
0.109000
0.101000
0.084000
0.094000
0.137000
0.076000
0.199000
0.097000
0.095000
0.102000
0.099000
0.092000
0.102000
0.105000
0.099000
0.115000
0.097000
0.089000
356.919000
0.080000
0.113000
0.163000
0.074000
0.069000
0.097000
0.080000
0.101000
0.105000
0.104000
0.102000
0.105000
0.096000
0.098000
0.089000
0.116000
0.094000
0.097000
0.107000
0.108000
0.099000
0.083000
0.114000
0.132000
0.077000
0.090000
0.108000
0.075000
0.101000
0.113000
0.109000
0.095000
79.798000
0.100000
0.100000
0.084000
0.105000
0.096000
0.156000
0.050000
0.103000
0.110000
0.081000
0.104000
0.097000
0.094000
0.117000
0.094000
0.105000
0.110000
0.088000
0.095000
0.100000
0.098000
0.116000
0.082000
0.105000
0.110000
0.099000
0.090000
0.108000
0.106000
0.098000
0.094000
0.097000
0.163000
16.332000
0.106000
0.097000
0.109000
0.109000
0.083000
0.117000
0.099000
0.098000
0.084000
30.927000
0.082000
0.115000
0.091000
0.094000
0.096000
0.113000
0.099000
0.114000
0.081000
0.185000
0.118000
0.100000
0.096000
0.113000
0.110000
0.085000
0.080000
0.094000
0.119000
0.094000
0.095000
0.113000
0.106000
0.089000
0.089000
0.102000
