77
118
123
125
133
151
154
177
204
217
232
264
270
277
305
316
326
330
331
333
344
357
372
385
393
401
407
418
427
432
434
436
438
440
444
468
479
485
487
491
501
516
536
540
544
566
620
623
645
678
693
711
721
729
742
754
768
775
783
788
800
805
820
832
835
839
843
846
857
866
869
871
873
877
892
922
962
979
1010
1014
1017
1048
1059
1077
1089
1093
1099
1134
1164
1184
1191
1215
1219
1241
1254
1262
1268
1299
1314
1337
1353
1378
1389
1402
1417
1421
1430
1440
1462
1481
1494
1498
1503
1512
1522
1525
1534
1546
1549
1554
1555
1576
1580
1599
1610
1626
1629
1634
1652
1661
1662
1665
1668
1672
1679
1689
1692
1709
1713
1717
1721
1738
1764
1782
1802
1818
1853
1873
1899
1918
1933
1949
1964
1979
1983
1988
2032
2060
2077
2085
2099
2115
2138
2141
2146
2154
2171
2177
2190
2194
2204
