0.000000
0.105000
0.084000
0.212000
0.093000
0.107000
0.097000
0.104000
0.090000
0.106000
0.102000
0.115000
0.105000
0.051000
0.084000
0.156000
0.088000
0.106000
0.094000
0.102000
0.098000
0.103000
0.094000
0.101000
0.097000
0.104000
0.100000
0.103000
0.096000
0.097000
0.105000
0.100000
0.109000
0.093000
0.112000
0.114000
0.075000
0.108000
0.097000
132.362000
0.099000
0.105000
0.098000
0.109000
0.094000
0.102000
0.098000
0.094000
0.104000
0.108000
0.100000
0.097000
0.107000
0.079000
0.215000
0.116000
0.179000
0.101000
0.094000
0.104000
0.206000
0.087000
0.098000
0.106000
0.095000
0.099000
0.098000
0.108000
0.237000
0.165000
0.095000
0.101000
0.094000
0.102000
0.098000
0.100000
0.105000
0.106000
0.094000
18.811000
0.100000
0.094000
0.104000
0.098000
0.200000
0.105000
0.092000
0.097000
0.099000
0.321000
0.100000
0.078000
0.115000
0.094000
0.100000
0.138000
0.070000
0.114000
0.111000
0.091000
0.094000
0.094000
0.106000
0.087000
0.094000
0.130000
0.081000
0.095000
0.097000
0.143000
0.060000
0.163000
0.164000
0.088000
0.072000
0.112000
0.124000
0.069000
0.129000
0.114000
0.170000
0.091000
0.105000
0.104000
0.096000
0.108000
0.102000
0.091000
0.092000
0.097000
0.110000
0.104000
0.108000
0.096000
0.101000
0.095000
