0.000000
0.088000
0.105000
0.105000
0.096000
0.105000
0.095000
0.103000
0.101000
0.112000
0.089000
0.108000
0.109000
0.089000
0.106000
0.091000
0.101000
0.098000
0.108000
0.184000
0.097000
0.102000
0.110000
0.103000
0.187000
0.123000
0.105000
0.097000
0.092000
0.180000
0.108000
0.101000
0.095000
0.098000
0.107000
0.195000
0.105000
0.100000
0.094000
226.109000
0.105000
0.187000
0.116000
0.088000
0.173000
0.123000
0.100000
0.100000
0.105000
0.096000
0.097000
0.100000
0.103000
0.121000
0.177000
0.105000
0.103000
0.103000
0.102000
0.174000
0.089000
0.069000
0.103000
0.068000
0.092000
0.195000
0.114000
0.095000
0.092000
0.192000
0.100000
7.319000
0.103000
0.183000
0.101000
0.111000
0.110000
0.090000
0.101000
0.115000
0.087000
0.104000
0.099000
0.121000
0.065000
0.109000
0.092000
0.891000
0.113000
0.085000
0.104000
0.123000
0.098000
0.183000
0.099000
0.100000
18.222000
0.089000
0.103000
0.184000
0.101000
0.101000
0.110000
0.185000
0.102000
0.101000
0.101000
0.112000
0.117000
0.089000
0.103000
0.091000
0.182000
0.103000
0.103000
0.099000
0.115000
0.093000
0.194000
0.153000
0.076000
0.099000
0.085000
0.091000
0.103000
0.106000
0.094000
0.103000
0.098000
0.097000
0.114000
0.092000
0.101000
577.421000
0.091000
0.095000
0.107000
0.112000
0.088000
0.092000
0.106000
0.104000
0.096000
0.084000
0.105000
0.112000
0.100000
0.086000
0.119000
0.082000
0.095000
0.110000
0.098000
0.120000
0.081000
0.119000
0.080000
0.098000
0.097000
0.113000
0.093000
0.124000
0.078000
0.135000
0.091000
0.085000
0.094000
0.095000
0.103000
0.097000
0.093000
0.106000
0.099000
0.094000
0.106000
0.099000
0.111000
0.097000
0.093000
13.920000
0.087000
0.080000
0.116000
0.113000
0.091000
0.101000
0.105000
0.172000
0.117000
0.121000
0.082000
0.096000
0.093000
0.111000
0.102000
0.108000
0.115000
0.091000
0.083000
0.112000
0.086000
0.096000
0.118000
0.094000
0.121000
0.057000
0.165000
0.059000
0.127000
0.071000
0.111000
0.101000
0.089000
0.105000
0.077000
0.146000
0.067000
0.085000
0.112000
0.182000
0.121000
53.659000
0.150000
0.112000
0.070000
0.129000
0.071000
0.104000
0.139000
0.072000
0.087000
0.096000
0.192000
0.116000
0.098000
0.093000
0.102000
0.100000
0.095000
0.223000
0.074000
0.199000
0.184000
0.158000
0.065000
0.111000
0.089000
0.107000
0.098000
0.095000
0.192000
0.105000
10.805000
0.104000
0.099000
0.104000
1.724000
1011.702000
0.133000
0.058000
0.172000
0.198000
0.105000
0.109000
0.084000
0.106000
0.109000
0.190000
0.107000
0.104000
0.101000
0.102000
122.491000
0.101000
0.092000
0.113000
0.098000
0.103000
0.093000
0.108000
0.096000
0.101000
0.101000
0.151000
0.063000
0.102000
0.075000
0.129000
0.075000
0.106000
0.099000
0.198000
0.085000
0.112000
0.096000
0.102000
0.094000
0.100000
0.103000
0.108000
0.104000
0.091000
0.107000
0.098000
0.101000
0.102000
0.111000
0.101000
0.078000
0.137000
0.073000
0.095000
0.103000
0.092000
7.411000
0.091000
0.091000
0.132000
0.064000
0.117000
0.105000
0.096000
0.095000
0.112000
0.096000
0.101000
0.092000
0.093000
0.112000
0.095000
0.107000
0.103000
0.098000
0.107000
0.090000
0.088000
0.111000
0.111000
0.092000
0.084000
0.100000
0.110000
0.101000
0.101000
0.093000
0.096000
0.105000
0.101000
0.101000
0.107000
0.098000
0.095000
0.092000
0.101000
0.128000
0.089000
0.087000
0.103000
0.116000
0.122000
0.063000
0.115000
0.084000
0.100000
0.113000
0.097000
0.103000
0.100000
0.093000
0.592000
0.105000
0.106000
0.083000
0.112000
0.090000
0.099000
0.118000
0.179000
0.118000
0.101000
0.090000
0.109000
0.089000
0.105000
0.086000
0.109000
0.102000
0.116000
0.097000
0.102000
0.087000
0.092000
0.108000
0.092000
0.104000
0.103000
0.101000
0.097000
0.107000
0.099000
0.095000
0.096000
0.104000
0.196000
0.111000
0.098000
535.195000
0.110000
0.082000
0.109000
0.094000
0.102000
0.108000
0.098000
0.097000
0.113000
0.082000
0.115000
0.104000
0.085000
0.101000
0.092000
0.109000
0.103000
0.097000
0.104000
0.095000
0.107000
0.106000
0.085000
0.109000
0.093000
0.105000
0.103000
0.104000
0.174000
0.128000
0.094000
0.110000
0.106000
67.982000
0.119000
0.083000
0.113000
0.091000
0.089000
0.100000
0.097000
0.099000
0.112000
0.082000
0.129000
1.107000
581.483000
0.082000
0.139000
0.068000
0.111000
0.092000
0.104000
0.107000
0.180000
0.110000
0.100000
0.107000
0.094000
0.190000
0.102000
0.103000
0.093000
0.113000
0.083000
0.119000
0.106000
0.135000
0.096000
0.078000
0.078000
0.098000
0.097000
0.103000
0.097000
0.100000
0.100000
0.097000
0.107000
0.095000
0.113000
0.104000
0.180000
0.107000
0.098000
0.110000
0.094000
0.092000
746.444000
0.085000
0.170000
0.113000
0.097000
0.094000
0.107000
0.192000
0.097000
0.114000
0.096000
0.196000
0.107000
0.094000
0.104000
0.092000
0.109000
0.112000
0.101000
0.102000
0.090000
0.094000
0.102000
0.114000
0.093000
0.113000
0.096000
0.107000
0.097000
0.076000
0.099000
0.104000
0.091000
0.104000
0.104000
0.091000
0.106000
27.404000
0.116000
0.092000
0.104000
0.094000
0.096000
0.089000
0.125000
0.086000
0.099000
0.094000
0.101000
0.105000
0.094000
0.101000
0.093000
0.111000
0.106000
0.083000
0.102000
0.105000
0.091000
0.109000
0.107000
0.097000
0.093000
0.108000
0.123000
0.065000
0.133000
0.100000
0.095000
0.086000
0.102000
0.124000
0.117000
0.085000
0.069000
0.103000
0.100000
0.095000
0.095000
0.109000
0.099000
0.105000
0.087000
129.724000
0.081000
0.104000
0.107000
0.090000
0.090000
0.109000
0.109000
0.086000
0.100000
0.098000
0.110000
0.893000
0.101000
0.106000
0.099000
0.087000
0.111000
659.295000
0.103000
0.102000
0.115000
0.085000
0.097000
0.111000
0.099000
0.104000
0.081000
0.100000
0.107000
0.106000
0.103000
0.097000
0.098000
0.090000
0.104000
0.105000
0.104000
0.092000
0.104000
0.095000
0.112000
0.129000
0.069000
0.088000
0.109000
0.110000
0.080000
0.198000
0.099000
0.116000
0.185000
0.108000
0.093000
0.107000
0.102000
0.105000
563.593000
0.105000
0.090000
0.114000
0.093000
0.103000
0.088000
0.107000
0.099000
0.097000
0.114000
0.083000
0.111000
0.103000
0.095000
0.089000
0.121000
0.101000
0.097000
0.085000
0.112000
0.087000
0.103000
0.104000
0.128000
0.093000
0.075000
0.096000
0.107000
0.101000
0.092000
0.113000
0.090000
0.109000
0.095000
0.090000
0.118000
0.085000
0.120000
0.095000
0.095000
39.312000
0.097000
0.116000
0.084000
0.097000
0.102000
0.086000
0.118000
0.100000
0.080000
0.162000
0.055000
0.121000
0.064000
0.117000
0.112000
0.059000
0.125000
0.099000
0.097000
0.100000
0.097000
0.091000
0.113000
0.102000
0.114000
0.082000
0.116000
0.080000
0.107000
0.099000
0.108000
0.095000
0.103000
0.095000
0.116000
0.087000
0.103000
0.100000
0.081000
0.113000
0.100000
0.090000
73.704000
0.101000
0.092000
0.118000
0.095000
0.098000
0.101000
0.107000
0.098000
0.092000
0.108000
0.084000
0.114000
0.105000
0.112000
0.090000
0.103000
0.097000
0.084000
0.112000
0.099000
0.092000
0.100000
0.102000
0.101000
0.108000
0.094000
0.093000
0.126000
0.099000
0.091000
0.081000
0.125000
0.136000
8.242000
0.091000
0.102000
0.097000
0.115000
0.103000
0.109000
0.164000
0.102000
0.088000
0.074000
0.052000
0.122000
0.083000
0.101000
0.091000
0.096000
0.117000
0.106000
0.086000
0.114000
0.089000
0.092000
0.120000
0.097000
0.100000
0.116000
0.080000
0.092000
0.097000
0.099000
0.118000
0.095000
0.090000
0.107000
0.098000
244.887000
0.119000
0.094000
0.097000
0.112000
0.104000
0.160000
0.054000
0.074000
0.107000
0.091000
0.111000
0.110000
0.072000
0.108000
0.088000
0.105000
41.509000
0.087000
0.109000
0.105000
0.094000
0.090000
0.108000
0.100000
0.104000
0.092000
0.112000
0.108000
0.174000
0.052000
0.074000
0.103000
0.104000
0.093000
0.076000
0.108000
0.097000
0.117000
0.093000
0.094000
0.103000
0.098000
0.098000
0.100000
0.114000
0.090000
0.107000
0.092000
0.101000
0.102000
0.087000
0.206000
0.094000
0.197000
0.110000
0.115000
75.004000
0.082000
0.111000
0.087000
0.101000
0.113000
0.103000
0.102000
0.075000
0.116000
0.103000
0.123000
0.086000
0.085000
0.105000
0.110000
0.099000
0.070000
0.121000
0.096000
0.094000
0.108000
0.099000
0.108000
0.082000
0.102000
0.090000
0.106000
0.103000
0.100000
0.110000
0.102000
0.102000
0.092000
0.112000
0.081000
0.096000
0.101000
0.111000
0.102000
0.090000
0.103000
0.109000
0.101000
0.127000
0.080000
0.071000
167.400000
0.134000
0.079000
0.106000
0.100000
0.097000
0.099000
0.104000
0.102000
0.096000
0.096000
0.121000
0.067000
0.112000
0.104000
0.092000
0.109000
0.186000
0.104000
0.111000
0.108000
0.088000
0.099000
0.141000
0.066000
0.092000
0.101000
0.089000
0.173000
0.062000
0.063000
0.113000
0.092000
0.118000
0.178000
0.110000
0.102000
0.111000
0.090000
0.110000
0.097000
0.090000
0.099000
0.091000
0.116000
0.090000
0.150000
0.075000
0.079000
0.095000
0.097000
0.100000
0.099000
0.196000
0.109000
0.106000
0.118000
0.087000
0.090000
0.097000
0.128000
0.070000
0.140000
0.076000
0.099000
0.101000
0.088000
0.105000
0.091000
905.219000
0.163000
0.130000
0.179000
0.103000
0.096000
0.061000
0.089000
0.084000
0.083000
0.089000
0.124000
0.078000
0.111000
0.188000
0.113000
0.100000
0.086000
0.119000
0.153000
0.062000
0.077000
0.123000
0.076000
0.102000
0.098000
0.105000
0.081000
0.115000
0.194000
0.113000
0.089000
0.098000
0.097000
0.114000
0.183000
0.108000
0.101000
0.107000
0.101000
0.186000
0.101000
0.098000
9558.216000
0.115000
0.103000
0.083000
0.089000
0.107000
0.107000
0.104000
0.097000
0.108000
0.090000
0.105000
0.153000
0.155000
0.144000
0.058000
0.131000
0.067000
0.076000
0.101000
0.158000
0.070000
0.087000
0.089000
0.107000
0.109000
0.092000
0.097000
0.170000
0.049000
0.097000
0.096000
0.085000
0.107000
0.105000
0.096000
0.082000
59.522000
0.109000
0.094000
0.139000
0.078000
0.069000
0.106000
0.107000
0.094000
0.092000
0.097000
0.122000
0.082000
0.098000
0.110000
0.109000
0.078000
0.114000
0.114000
0.087000
20.214000
0.102000
1.411000
0.245000
0.068000
2.561000
32.235000
0.303000
0.056000
0.116000
0.158000
0.164000
0.107000
0.240000
0.470000
0.062000
0.286000
0.222000
0.094000
0.186000
0.089000
0.109000
0.186000
0.170000
387.239000
0.208000
0.159000
0.092000
0.053000
0.093000
0.118000
0.075000
0.112000
0.085000
0.105000
0.104000
0.100000
0.094000
0.096000
0.101000
0.103000
0.108000
0.094000
0.106000
0.096000
0.104000
0.103000
0.079000
0.108000
0.112000
0.099000
0.086000
0.102000
0.105000
0.095000
0.106000
0.099000
0.109000
0.102000
32.779000
0.115000
0.097000
0.098000
0.097000
0.110000
0.085000
0.102000
0.109000
0.104000
0.096000
0.100000
0.092000
0.094000
0.112000
0.089000
0.092000
0.104000
0.116000
0.110000
0.098000
0.097000
0.096000
0.090000
0.104000
0.106000
0.091000
0.103000
0.103000
0.111000
0.082000
0.102000
0.096000
0.107000
0.105000
0.096000
0.092000
0.101000
0.112000
0.102000
0.185000
0.100000
0.107000
23.189000
0.122000
0.142000
0.054000
0.081000
0.106000
0.093000
0.108000
0.106000
0.097000
0.098000
0.113000
0.098000
0.083000
0.102000
0.099000
0.098000
0.109000
0.117000
0.096000
0.092000
0.090000
0.113000
0.107000
0.076000
0.101000
0.099000
0.107000
0.098000
0.099000
0.097000
0.109000
0.091000
0.102000
0.103000
0.101000
0.106000
0.097000
82.000000
0.104000
0.108000
0.083000
0.101000
0.108000
0.096000
0.098000
0.099000
0.100000
0.115000
0.096000
29.700000
0.082000
0.102000
0.106000
0.101000
0.097000
0.109000
0.098000
0.090000
15.919000
0.098000
0.110000
0.096000
0.083000
0.211000
0.106000
0.092000
0.082000
0.097000
0.108000
0.101000
0.098000
0.103000
29.319000
0.105000
0.098000
0.139000
0.092000
0.160000
0.077000
0.111000
0.101000
0.090000
0.104000
0.105000
0.095000
0.100000
0.115000
0.092000
0.091000
0.096000
0.230000
0.097000
0.086000
0.104000
0.094000
0.109000
0.084000
0.109000
0.090000
0.105000
0.098000
0.105000
0.108000
0.099000
0.098000
0.110000
0.087000
230.814000
0.094000
0.081000
0.148000
0.099000
0.084000
0.080000
0.089000
0.106000
0.094000
49.213000
0.092000
0.107000
0.090000
0.111000
0.098000
0.107000
0.102000
0.110000
0.095000
0.089000
0.113000
0.088000
0.112000
0.097000
2.898000
0.083000
0.119000
0.188000
0.118000
0.088000
0.108000
0.087000
0.094000
0.108000
0.107000
0.119000
0.092000
0.083000
0.103000
0.076000
0.122000
0.102000
0.098000
0.095000
0.112000
0.121000
0.077000
0.097000
0.098000
0.099000
0.096000
0.119000
0.080000
0.114000
0.082000
0.100000
0.112000
0.085000
0.109000
0.096000
0.106000
0.114000
0.075000
0.100000
0.105000
157.828000
0.090000
0.094000
0.096000
0.107000
0.081000
0.097000
84.913000
0.100000
0.092000
0.098000
0.109000
0.113000
0.083000
0.089000
0.110000
500.595000
0.107000
0.091000
0.099000
0.095000
0.110000
0.090000
0.116000
0.115000
0.086000
0.178000
0.108000
12.300000
0.100000
0.105000
0.098000
0.099000
0.193000
0.103000
0.093000
0.107000
0.117000
0.188000
0.093000
0.110000
0.111000
0.095000
0.080000
0.115000
0.090000
0.110000
0.094000
0.103000
0.091000
0.112000
0.098000
0.098000
0.106000
0.189000
0.104000
0.188000
0.110000
0.104000
0.098000
0.198000
0.104000
0.091000
0.193000
0.112000
0.102000
34.718000
0.094000
0.096000
0.187000
0.104000
0.100000
0.109000
0.098000
0.093000
0.095000
0.107000
0.101000
0.106000
0.089000
0.100000
0.107000
0.097000
0.113000
0.082000
0.109000
0.115000
0.096000
0.078000
0.124000
0.078000
0.115000
0.088000
0.099000
0.098000
10.408000
0.102000
0.102000
0.085000
0.112000
0.104000
0.099000
0.107000
0.091000
0.091000
0.105000
0.106000
0.097000
0.101000
0.091000
0.113000
0.104000
0.181000
0.102000
0.113000
0.104000
0.086000
71.893000
0.099000
0.056000
0.106000
0.055000
0.111000
0.085000
0.098000
0.195000
0.091000
0.109000
0.198000
0.104000
0.104000
0.092000
0.109000
0.092000
0.197000
0.114000
0.100000
0.099000
0.090000
0.100000
0.103000
0.115000
0.094000
0.086000
0.104000
46.108000
0.092000
0.097000
0.108000
0.190000
0.112000
0.100000
0.098000
0.092000
0.109000
0.105000
0.092000
0.101000
124.410000
0.107000
0.086000
0.120000
0.089000
0.099000
0.103000
0.115000
0.078000
0.125000
0.080000
0.086000
0.112000
0.099000
0.117000
0.087000
0.078000
0.156000
0.067000
0.109000
0.088000
0.104000
0.079000
0.108000
0.110000
0.082000
0.121000
0.088000
0.116000
0.098000
0.092000
0.088000
0.126000
0.088000
0.136000
0.068000
0.096000
0.106000
0.086000
116.802000
0.098000
0.190000
0.099000
0.105000
0.105000
0.094000
0.115000
0.082000
0.110000
0.106000
0.086000
0.199000
26.299000
0.107000
0.118000
0.098000
0.081000
0.205000
0.107000
0.108000
0.177000
0.413000
0.101000
0.099000
0.103000
0.102000
0.199000
0.095000
0.159000
0.104000
0.090000
0.067000
22.176000
0.108000
0.094000
0.133000
0.074000
0.096000
0.102000
0.178000
0.132000
0.083000
0.127000
0.082000
0.101000
0.095000
0.098000
0.111000
0.087000
0.092000
0.109000
0.095000
0.104000
0.107000
0.110000
0.094000
0.150000
0.070000
0.066000
0.105000
132.661000
0.131000
0.109000
0.095000
0.112000
0.279000
0.104000
0.116000
0.366000
0.127000
0.102000
0.094000
0.127000
0.069000
0.113000
19.785000
0.118000
0.092000
0.094000
0.108000
0.114000
0.082000
0.096000
0.298000
0.103000
0.106000
0.089000
0.117000
0.177000
0.108000
0.104000
0.094000
0.099000
0.214000
0.100000
0.118000
0.101000
0.182000
0.097000
0.092000
0.111000
0.103000
0.095000
0.093000
0.110000
0.103000
24.882000
0.106000
0.109000
0.282000
0.097000
0.111000
0.100000
0.400000
0.104000
0.109000
0.198000
0.101000
0.203000
0.094000
0.101000
0.083000
0.131000
0.091000
369.383000
0.177000
0.064000
0.069000
0.084000
0.116000
0.104000
0.095000
85.991000
0.106000
0.107000
0.109000
0.118000
0.078000
0.097000
0.096000
0.096000
0.114000
0.194000
0.090000
0.102000
0.096000
0.105000
262.693000
0.105000
0.104000
0.189000
0.200000
0.196000
0.209000
0.093000
0.116000
0.097000
0.096000
0.100000
0.103000
0.184000
0.103000
0.094000
0.109000
0.096000
0.108000
0.100000
0.099000
0.099000
0.096000
0.123000
0.077000
0.122000
367.882000
0.101000
0.113000
0.084000
0.095000
0.107000
0.099000
0.105000
0.103000
0.113000
0.083000
0.117000
0.097000
0.140000
0.058000
0.081000
0.097000
0.120000
0.099000
0.093000
0.099000
0.177000
0.117000
0.096000
0.106000
0.191000
0.119000
0.097000
0.088000
0.107000
0.094000
0.098000
0.104000
0.104000
0.100000
0.094000
0.101000
0.104000
3.056000
0.056000
0.081000
0.121000
0.083000
0.113000
0.097000
0.105000
0.098000
0.088000
0.109000
0.108000
0.104000
0.083000
0.097000
0.101000
0.110000
0.097000
0.105000
0.103000
0.166000
0.121000
0.114000
0.066000
0.125000
0.168000
0.072000
0.065000
0.097000
0.095000
0.099000
0.103000
0.091000
0.098000
0.181000
0.137000
0.095000
0.141000
127.269000
0.111000
0.063000
0.201000
0.118000
0.197000
0.202000
0.190000
0.200000
0.113000
0.080000
0.122000
0.078000
0.213000
0.106000
0.076000
0.125000
0.084000
0.099000
0.101000
0.113000
0.089000
0.097000
45.813000
0.101000
0.110000
0.103000
0.076000
0.115000
0.208000
0.088000
0.106000
0.203000
0.097000
0.083000
0.203000
0.103000
0.097000
0.103000
0.118000
0.082000
0.127000
0.067000
0.097000
0.120000
0.110000
0.079000
0.096000
0.098000
0.107000
0.105000
6.001000
0.094000
0.111000
0.105000
0.181000
0.108000
0.082000
0.119000
0.197000
0.105000
0.104000
0.099000
0.082000
0.100000
0.110000
0.099000
0.100000
0.088000
0.108000
0.111000
0.115000
0.103000
0.069000
0.112000
0.104000
0.101000
20.507000
0.070000
0.120000
0.220000
0.102000
0.071000
0.097000
0.209000
0.102000
0.094000
0.099000
0.089000
0.099000
0.132000
782.382000
0.092000
0.099000
0.108000
0.083000
0.114000
0.103000
0.090000
0.110000
0.101000
0.096000
0.107000
0.103000
0.105000
0.088000
0.184000
0.108000
0.107000
0.098000
0.094000
0.099000
0.097000
0.108000
0.108000
0.100000
0.104000
0.098000
0.101000
0.093000
0.086000
0.110000
0.111000
22.495000
0.109000
0.082000
0.293000
0.104000
0.107000
0.194000
0.099000
0.106000
0.193000
0.098000
0.108000
0.204000
0.091000
0.108000
0.103000
0.087000
0.108000
0.107000
0.092000
0.097000
0.111000
0.095000
0.093000
0.103000
0.095000
0.104000
0.095000
6.716000
0.094000
0.092000
0.217000
0.188000
0.215000
0.089000
0.101000
0.099000
0.214000
0.094000
0.074000
0.118000
0.195000
0.202000
0.102000
0.094000
0.094000
0.120000
0.099000
0.090000
0.097000
0.102000
0.101000
0.086000
0.107000
0.114000
44.884000
0.108000
0.099000
0.188000
0.109000
0.103000
0.091000
0.103000
0.096000
0.107000
0.095000
0.109000
0.113000
0.078000
0.115000
0.098000
0.093000
0.101000
0.102000
0.125000
0.075000
0.211000
0.137000
0.096000
0.069000
0.081000
0.115000
0.101000
0.080000
0.106000
0.112000
0.179000
0.119000
0.108000
0.082000
0.113000
0.179000
0.102000
0.104000
0.095000
0.103000
190.114000
0.077000
0.145000
0.163000
0.196000
0.117000
172.695000
0.134000
0.078000
0.087000
0.103000
0.096000
0.111000
0.096000
0.094000
0.098000
0.179000
0.049000
0.080000
0.092000
0.095000
0.096000
0.112000
0.116000
0.079000
0.102000
0.104000
0.100000
0.109000
0.116000
0.072000
0.108000
0.087000
0.107000
230.216000
0.097000
0.092000
0.107000
0.086000
0.116000
0.096000
0.111000
2.898000
0.095000
0.099000
0.079000
0.123000
0.078000
0.114000
0.150000
0.062000
0.086000
0.084000
0.119000
0.101000
0.092000
0.199000
0.206000
0.114000
0.097000
0.090000
0.087000
0.115000
0.105000
0.103000
0.108000
0.079000
0.093000
0.112000
0.084000
0.124000
0.082000
189.907000
0.098000
0.110000
0.190000
0.096000
0.212000
0.100000
0.075000
0.112000
0.132000
0.129000
0.064000
0.079000
0.211000
0.106000
0.071000
0.118000
0.096000
0.112000
0.080000
0.113000
0.092000
0.107000
0.099000
0.104000
0.106000
0.095000
0.081000
0.104000
0.104000
0.113000
0.091000
0.095000
0.104000
0.097000
2.002000
0.089000
0.097000
0.298000
0.216000
0.201000
0.095000
0.095000
0.103000
0.104000
0.100000
0.106000
0.097000
0.113000
0.093000
0.086000
0.097000
0.122000
0.199000
0.088000
0.104000
0.094000
2.708000
0.247000
0.070000
0.078000
0.100000
0.155000
0.111000
0.095000
0.051000
0.096000
0.111000
365.680000
0.103000
0.201000
0.109000
0.097000
0.115000
0.162000
0.114000
0.142000
0.064000
0.083000
0.115000
0.087000
0.526000
0.099000
0.099000
0.099000
0.106000
0.088000
0.155000
0.095000
0.053000
0.116000
0.090000
809.637000
0.058000
0.122000
0.173000
0.105000
0.099000
0.196000
0.104000
0.101000
0.190000
0.223000
0.074000
0.124000
0.070000
0.117000
0.088000
0.125000
0.093000
0.090000
0.120000
0.076000
0.103000
0.101000
0.085000
0.112000
0.092000
0.118000
0.081000
2200.215000
0.103000
0.095000
0.090000
0.105000
0.101000
0.101000
0.096000
0.094000
0.101000
0.097000
43.324000
0.085000
0.110000
0.081000
0.111000
0.106000
0.101000
0.111000
0.093000
0.097000
0.098000
0.104000
0.110000
0.088000
253.792000
0.105000
0.089000
0.206000
0.094000
0.095000
0.096000
0.107000
0.104000
0.110000
0.095000
0.103000
0.089000
0.111000
0.084000
0.127000
0.280000
0.100000
0.096000
0.109000
0.103000
0.085000
0.098000
0.101000
0.102000
93.306000
0.099000
0.097000
0.111000
0.088000
0.108000
0.099000
0.092000
0.109000
0.095000
0.099000
0.130000
0.070000
0.117000
0.088000
0.112000
0.090000
0.197000
0.094000
0.177000
0.136000
0.106000
0.079000
0.097000
0.105000
0.090000
0.110000
0.096000
145.105000
0.093000
0.194000
0.114000
0.095000
0.112000
0.105000
0.084000
0.129000
0.083000
0.085000
156.417000
0.105000
0.099000
0.098000
0.114000
1932.173000
0.102000
0.108000
0.110000
0.082000
0.091000
0.105000
0.099000
0.100000
0.099000
0.111000
0.099000
0.092000
0.104000
35.923000
0.099000
0.098000
0.103000
0.082000
0.169000
0.065000
0.100000
0.176000
0.115000
0.098000
0.197000
0.119000
0.065000
0.236000
0.079000
0.103000
0.206000
0.075000
0.110000
0.097000
0.123000
0.086000
0.185000
0.106000
0.127000
0.160000
0.115000
0.202000
0.083000
0.211000
0.094000
0.121000
0.095000
0.088000
0.100000
841.298000
0.102000
0.107000
0.084000
0.100000
0.305000
0.246000
0.174000
0.098000
0.100000
0.074000
0.114000
0.115000
0.173000
0.111000
0.086000
0.109000
0.100000
0.101000
0.205000
892.487000
0.110000
0.099000
0.094000
0.104000
0.086000
0.105000
0.104000
0.102000
0.096000
0.104000
0.105000
0.098000
0.099000
0.099000
0.106000
0.089000
0.093000
0.107000
0.120000
0.081000
0.096000
0.109000
0.092000
0.092000
