35
80
102
129
135
184
210
239
304
330
334
346
366
403
437
479
485
491
510
515
558
562
564
567
572
596
625
672
699
719
724
754
790
791
828
846
866
900
903
905
916
919
946
975
993
995
996
1020
1021
1028
1057
1083
1098
1099
1101
1103
1104
1109
1122
1147
1185
1230
1238
1252
1256
1278
1290
1302
1305
1317
1325
1345
1353
1361
1382
1407
1414
1418
1451
1481
1499
1523
1531
1562
1571
1579
1586
1590
1593
1599
1610
1627
1630
1632
1656
1674
1717
1744
1772
1791
1816
1844
1859
1879
1910
1949
1951
1955
1974
1977
1983
1990
1993
1999
2015
2020
2035
2067
2089
2095
2107
2116
2117
2118
2123
2127
2135
2142
2158
2184
2187
2205
2223
2234
2241
2246
2250
2259
2262
2265
2268
2270
2282
2297
2320
