0.000000
0.100000
0.092000
0.097000
0.105000
0.110000
0.092000
0.114000
0.099000
0.102000
0.093000
0.099000
0.103000
0.100000
0.115000
0.105000
0.094000
0.188000
0.103000
0.097000
0.205000
0.100000
0.096000
0.102000
0.088000
0.089000
0.267000
0.165000
0.115000
0.174000
0.121000
0.068000
59.822000
0.100000
0.081000
0.150000
0.104000
0.066000
0.167000
0.107000
0.104000
0.095000
0.109000
0.107000
0.096000
0.077000
0.113000
0.106000
108.102000
0.197000
0.119000
0.170000
0.129000
0.188000
0.206000
0.093000
0.089000
0.090000
85.498000
0.122000
0.086000
0.209000
0.224000
0.102000
0.466000
0.118000
0.204000
33.438000
0.068000
0.130000
0.069000
0.092000
0.091000
0.122000
0.105000
0.089000
0.092000
0.118000
0.092000
0.182000
0.095000
0.110000
0.087000
0.108000
0.110000
0.099000
0.097000
88.123000
0.078000
0.280000
0.115000
0.109000
0.196000
0.109000
0.082000
0.120000
0.086000
0.079000
51.486000
0.134000
0.206000
0.092000
0.106000
0.084000
0.213000
0.093000
0.094000
0.099000
0.106000
0.204000
0.095000
0.097000
0.127000
0.191000
0.098000
0.087000
0.203000
0.098000
0.108000
289.996000
0.091000
0.135000
0.069000
0.101000
0.111000
0.095000
0.093000
0.310000
57.226000
0.100000
0.088000
0.116000
0.090000
0.094000
0.391000
0.088000
0.106000
0.104000
0.112000
0.087000
0.112000
0.086000
0.085000
0.109000
98.007000
0.112000
0.094000
0.100000
0.149000
0.094000
0.064000
0.192000
0.092000
0.098000
0.105000
0.108000
0.083000
0.107000
0.198000
0.100000
0.098000
0.099000
0.210000
0.092000
0.187000
0.111000
0.101000
0.213000
0.195000
0.102000
0.091000
0.092000
71.311000
0.090000
0.118000
0.098000
0.101000
0.082000
0.103000
0.103000
0.101000
0.112000
0.106000
0.070000
0.102000
0.133000
0.091000
0.183000
0.089000
0.103000
0.217000
0.112000
0.110000
228.518000
0.157000
0.103000
0.090000
0.112000
0.175000
0.109000
0.100000
0.116000
0.096000
0.104000
125.205000
0.109000
0.193000
0.100000
0.119000
0.189000
0.092000
0.111000
0.070000
0.095000
0.107000
0.100000
0.096000
0.103000
0.107000
0.103000
0.081000
0.119000
0.081000
0.106000
0.113000
0.103000
0.093000
0.110000
0.092000
0.094000
0.107000
0.104000
0.110000
59.342000
0.104000
0.231000
0.167000
0.093000
0.069000
0.138000
0.120000
0.187000
0.093000
0.170000
0.087000
0.080000
0.158000
0.124000
0.087000
0.140000
0.150000
0.051000
0.124000
0.128000
0.094000
0.065000
0.120000
392.967000
0.089000
0.205000
0.104000
0.111000
0.100000
148.283000
0.212000
0.095000
0.097000
0.109000
0.095000
0.205000
0.192000
0.106000
0.104000
0.195000
0.102000
0.103000
0.101000
0.095000
62.395000
0.101000
0.102000
0.107000
0.084000
0.131000
0.097000
0.088000
0.205000
0.077000
0.212000
0.193000
0.208000
0.103000
0.294000
0.197000
0.199000
0.227000
0.181000
0.089000
0.107000
0.089000
0.112000
2.405000
0.114000
0.093000
0.093000
0.190000
0.116000
0.089000
0.101000
0.115000
0.100000
826.478000
0.202000
0.101000
0.092000
0.225000
142.886000
0.104000
0.102000
0.101000
0.080000
0.106000
0.106000
0.096000
0.106000
0.103000
0.114000
0.086000
0.140000
0.116000
0.068000
0.097000
150.999000
0.092000
0.077000
0.115000
0.103000
0.201000
0.104000
25.091000
0.153000
0.109000
0.089000
0.074000
0.082000
0.082000
0.120000
0.083000
0.118000
0.092000
0.106000
0.083000
0.118000
0.087000
0.087000
0.119000
0.107000
0.091000
0.111000
0.105000
0.234000
0.142000
0.317000
0.092000
0.113000
0.180000
165.613000
0.110000
0.093000
0.097000
0.105000
0.189000
0.110000
0.082000
0.104000
0.104000
0.087000
0.113000
0.110000
0.096000
0.098000
0.095000
0.100000
133.492000
0.112000
0.389000
0.126000
0.295000
0.087000
0.101000
0.096000
0.204000
0.093000
0.099000
0.304000
0.201000
0.138000
0.074000
57.693000
0.110000
0.089000
0.099000
0.100000
0.102000
0.082000
0.115000
0.126000
0.071000
0.100000
0.130000
0.079000
0.101000
0.091000
0.112000
0.085000
0.095000
0.112000
0.101000
0.095000
0.092000
5.212000
0.100000
0.082000
0.110000
0.102000
0.104000
0.127000
0.071000
0.202000
0.309000
0.096000
0.081000
0.132000
0.196000
0.076000
0.518000
0.391000
0.109000
0.088000
0.205000
0.107000
0.108000
0.099000
0.074000
0.105000
0.096000
0.094000
0.114000
95.708000
0.117000
0.085000
0.091000
0.114000
0.105000
0.082000
0.105000
0.088000
0.113000
0.099000
0.111000
0.141000
0.107000
0.052000
0.127000
0.075000
0.084000
0.111000
0.084000
0.101000
0.126000
0.072000
0.103000
0.118000
0.089000
0.096000
0.290000
0.178000
0.153000
0.100000
0.107000
0.090000
0.202000
0.092000
0.091000
0.112000
0.104000
0.099000
206.187000
0.123000
0.093000
0.260000
0.181000
0.077000
0.074000
0.108000
0.072000
0.122000
0.090000
0.123000
0.192000
0.095000
0.109000
0.083000
0.105000
0.100000
0.119000
0.090000
0.071000
0.120000
0.073000
0.159000
0.055000
0.107000
67.310000
0.109000
0.074000
0.112000
0.093000
0.132000
0.084000
0.155000
2.247000
0.139000
388.036000
0.113000
0.192000
0.102000
0.099000
0.111000
0.084000
0.312000
0.106000
0.091000
0.182000
0.110000
0.251000
0.069000
0.092000
0.094000
0.098000
0.113000
0.086000
0.206000
0.096000
0.109000
0.076000
0.172000
0.061000
0.095000
0.103000
195.182000
0.222000
0.067000
0.100000
0.107000
0.096000
0.113000
0.080000
0.101000
0.109000
0.101000
0.133000
0.119000
0.060000
0.093000
0.109000
0.101000
0.107000
0.096000
0.102000
0.081000
0.102000
0.100000
0.109000
0.086000
0.115000
0.101000
0.088000
0.109000
0.112000
0.073000
0.105000
0.100000
0.106000
0.097000
0.107000
0.106000
0.090000
0.103000
0.077000
0.165000
0.062000
0.131000
0.076000
0.100000
0.091000
0.082000
0.118000
0.093000
0.105000
0.104000
0.096000
0.098000
0.095000
0.111000
0.086000
0.100000
0.103000
0.094000
0.103000
0.098000
0.098000
0.110000
0.104000
0.093000
0.099000
0.109000
0.093000
0.093000
0.092000
90.826000
0.133000
0.118000
0.049000
0.080000
0.135000
0.090000
0.095000
0.114000
0.143000
0.089000
120.639000
0.205000
0.105000
0.094000
0.098000
0.099000
0.211000
0.092000
0.097000
0.090000
0.209000
0.073000
246.152000
0.106000
0.102000
0.119000
0.080000
0.091000
0.089000
0.112000
0.100000
0.408000
0.085000
0.097000
1084.191000
0.102000
0.105000
0.202000
0.109000
0.117000
0.184000
0.101000
0.085000
0.100000
0.092000
0.195000
0.137000
0.065000
0.098000
0.094000
0.123000
0.080000
100.536000
0.116000
0.064000
0.106000
0.092000
0.100000
0.098000
0.094000
0.086000
0.117000
43.996000
0.105000
0.115000
0.097000
0.089000
0.225000
0.093000
0.066000
0.105000
0.105000
0.122000
0.085000
71.499000
0.081000
0.113000
0.113000
0.099000
0.105000
0.094000
0.096000
0.096000
0.100000
0.105000
0.102000
0.100000
0.101000
0.106000
565.886000
0.207000
0.102000
0.096000
0.108000
0.105000
0.191000
0.093000
0.105000
0.094000
0.126000
1325.479000
0.118000
0.094000
0.095000
0.089000
0.104000
0.111000
0.093000
0.199000
0.105000
0.190000
0.092000
0.107000
0.097000
0.105000
0.099000
0.200000
0.201000
0.103000
0.099000
0.107000
0.210000
0.177000
0.111000
41.406000
0.093000
0.105000
0.119000
0.086000
0.111000
0.194000
0.181000
0.089000
0.124000
0.188000
0.091000
0.215000
0.086000
0.118000
0.093000
0.298000
0.252000
0.089000
0.154000
0.210000
0.113000
0.176000
0.100000
102.385000
0.105000
0.105000
0.117000
0.101000
0.094000
0.096000
0.101000
0.098000
0.093000
0.120000
0.097000
0.091000
0.106000
0.100000
0.091000
0.114000
0.078000
0.095000
0.106000
0.100000
0.105000
0.102000
0.092000
0.163000
0.060000
0.088000
0.087000
0.101000
155.517000
0.201000
0.183000
0.173000
0.060000
0.180000
0.094000
0.098000
0.114000
102.986000
0.193000
0.192000
0.119000
0.094000
174.101000
0.097000
0.103000
0.116000
0.090000
0.090000
0.081000
395.516000
0.102000
0.115000
0.092000
0.089000
0.116000
0.198000
0.097000
0.095000
0.219000
0.204000
0.155000
0.066000
375.172000
0.105000
0.084000
0.114000
0.106000
0.090000
0.080000
0.195000
0.132000
0.085000
0.111000
0.153000
0.049000
0.099000
0.091000
0.100000
0.099000
0.088000
0.207000
0.212000
0.270000
0.115000
0.109000
0.197000
68.997000
0.090000
0.112000
0.098000
0.092000
0.107000
0.089000
0.101000
0.104000
0.084000
0.130000
0.081000
0.108000
0.099000
0.106000
0.105000
0.098000
0.090000
0.094000
0.111000
618.582000
0.111000
0.105000
0.094000
0.103000
0.092000
0.085000
0.118000
0.092000
0.106000
0.095000
0.113000
0.087000
0.094000
0.113000
0.106000
0.110000
0.111000
0.104000
0.182000
356.189000
0.106000
0.085000
0.095000
0.200000
0.106000
0.105000
21.293000
0.146000
0.061000
0.102000
0.110000
0.096000
0.087000
0.104000
0.187000
0.104000
0.110000
0.094000
0.103000
0.107000
0.213000
0.097000
0.157000
0.069000
0.100000
0.069000
0.135000
0.088000
0.091000
0.088000
0.151000
0.122000
1.199000
0.121000
0.107000
0.085000
0.126000
0.085000
0.100000
0.104000
0.075000
0.094000
0.128000
0.090000
0.096000
0.203000
0.106000
0.096000
0.100000
0.196000
0.104000
0.110000
0.088000
0.105000
0.106000
0.097000
0.084000
0.102000
0.091000
60.620000
0.081000
0.093000
0.126000
0.098000
0.107000
0.079000
0.114000
0.100000
0.107000
0.096000
0.099000
0.196000
10.512000
0.083000
0.093000
0.109000
0.168000
0.185000
0.060000
0.097000
0.196000
0.101000
0.114000
0.127000
0.054000
0.116000
0.081000
0.094000
0.117000
0.108000
0.068000
0.111000
0.099000
0.098000
0.102000
0.109000
0.096000
0.095000
0.104000
0.101000
0.095000
0.096000
1.410000
0.097000
0.216000
0.092000
0.085000
0.107000
0.120000
0.083000
0.096000
0.108000
0.147000
0.171000
0.088000
0.089000
0.172000
0.112000
0.074000
0.049000
0.105000
0.111000
0.096000
0.082000
0.105000
0.086000
0.118000
0.107000
0.091000
7.396000
0.106000
0.092000
0.089000
0.119000
0.107000
0.099000
0.072000
0.111000
0.114000
0.094000
0.089000
0.104000
0.112000
0.102000
0.083000
0.106000
0.103000
0.084000
0.111000
0.109000
0.105000
0.086000
0.083000
0.101000
0.110000
0.119000
0.100000
0.088000
0.102000
0.099000
0.096000
0.104000
0.110000
0.145000
0.049000
0.110000
0.103000
0.082000
0.098000
0.099000
0.098000
0.101000
0.093000
0.102000
0.106000
0.104000
0.109000
0.088000
0.099000
0.104000
413.397000
0.119000
0.107000
0.086000
0.190000
0.110000
0.195000
0.109000
0.087000
0.312000
0.515000
0.084000
0.106000
0.185000
0.103000
0.099000
0.098000
0.101000
54.993000
0.309000
0.093000
0.104000
0.104000
0.194000
0.109000
0.086000
0.108000
0.099000
0.101000
0.199000
0.092000
0.098000
288.312000
0.109000
0.098000
0.211000
0.074000
0.113000
0.107000
0.097000
0.290000
0.103000
0.094000
1077.304000
0.199000
0.098000
0.100000
0.104000
0.098000
0.093000
519.500000
0.117000
0.072000
0.099000
0.100000
0.105000
0.110000
0.093000
0.096000
0.108000
0.097000
0.079000
0.116000
0.102000
0.103000
0.115000
0.106000
58.191000
0.096000
0.102000
0.111000
0.098000
0.090000
0.105000
0.092000
0.102000
0.108000
0.098000
0.098000
0.094000
0.090000
0.131000
0.120000
0.070000
0.094000
0.089000
0.098000
0.103000
0.108000
0.097000
0.097000
0.102000
0.099000
0.104000
0.095000
0.099000
0.095000
0.121000
40.815000
0.093000
0.184000
0.091000
0.104000
0.103000
0.194000
0.400000
0.111000
0.113000
0.091000
0.108000
0.195000
0.085000
0.210000
0.104000
0.192000
0.117000
0.090000
0.102000
0.086000
97.815000
0.098000
0.094000
0.095000
0.198000
0.111000
0.092000
0.093000
0.101000
0.103000
0.100000
0.202000
0.106000
0.197000
0.100000
0.108000
0.090000
0.202000
0.203000
0.108000
0.097000
0.113000
0.066000
22.709000
0.104000
0.101000
0.114000
0.099000
0.089000
0.102000
0.081000
0.104000
0.103000
0.096000
0.099000
0.106000
0.197000
0.094000
0.205000
0.120000
0.088000
0.108000
0.101000
0.083000
0.206000
0.089000
0.114000
1114.731000
0.078000
0.094000
0.096000
0.113000
0.104000
0.090000
0.109000
0.094000
0.113000
0.114000
0.067000
0.115000
0.074000
0.113000
0.105000
0.105000
0.094000
0.201000
0.190000
0.101000
501.504000
0.086000
0.104000
0.125000
0.096000
0.082000
0.100000
0.107000
0.095000
0.106000
0.108000
0.080000
0.105000
0.095000
0.221000
0.185000
0.097000
0.096000
0.103000
0.104000
0.099000
0.101000
0.096000
0.228000
0.083000
0.209000
0.204000
0.093000
0.084000
1304.319000
0.082000
0.114000
0.096000
0.123000
0.111000
0.070000
0.093000
0.100000
0.100000
0.096000
1344.204000
0.201000
0.106000
0.117000
0.054000
0.165000
0.054000
0.110000
0.092000
0.103000
0.110000
0.184000
0.189000
0.120000
0.093000
0.130000
0.086000
0.097000
0.092000
0.081000
0.115000
410.691000
0.110000
0.105000
0.093000
0.300000
0.101000
88.894000
0.097000
0.116000
0.101000
0.083000
0.118000
0.087000
0.104000
0.105000
0.095000
0.098000
0.116000
0.099000
0.092000
0.103000
0.104000
0.094000
0.086000
0.129000
0.115000
0.072000
0.089000
0.102000
0.102000
0.098000
0.115000
0.102000
0.070000
0.135000
0.078000
0.112000
0.096000
8.093000
0.207000
0.110000
0.090000
0.087000
0.134000
0.064000
0.092000
0.112000
0.102000
0.135000
0.084000
0.083000
0.094000
0.107000
0.082000
0.180000
0.131000
0.144000
0.076000
0.086000
0.108000
0.179000
0.120000
0.185000
0.113000
0.102000
10.405000
0.083000
0.094000
0.110000
0.110000
0.080000
0.111000
0.104000
0.099000
0.097000
0.104000
0.097000
0.097000
0.105000
0.088000
0.130000
0.084000
0.099000
0.109000
0.101000
0.084000
0.099000
0.101000
0.182000
0.119000
0.109000
265.061000
0.325000
0.101000
0.205000
0.094000
0.113000
0.095000
0.191000
0.097000
0.105000
0.105000
0.092000
0.088000
0.211000
0.099000
0.110000
0.085000
0.119000
0.103000
0.095000
0.085000
0.111000
0.080000
0.114000
0.103000
0.092000
0.118000
0.084000
0.116000
0.092000
0.116000
0.074000
0.101000
0.104000
0.109000
0.094000
0.077000
0.145000
0.099000
0.094000
0.091000
0.097000
0.091000
0.104000
0.097000
0.108000
0.190000
87.309000
0.101000
0.092000
0.090000
0.126000
0.100000
0.088000
0.091000
0.117000
0.105000
0.100000
0.075000
0.112000
0.113000
0.102000
0.105000
0.094000
0.096000
0.103000
0.110000
0.099000
0.074000
0.101000
0.103000
0.095000
0.119000
0.094000
0.089000
0.105000
0.292000
0.105000
2.707000
0.111000
0.103000
0.077000
0.106000
0.101000
0.114000
0.098000
0.085000
0.205000
0.100000
0.207000
0.087000
0.087000
0.120000
0.192000
0.100000
0.209000
0.195000
0.091000
0.111000
0.114000
0.092000
0.197000
0.116000
716.089000
0.119000
0.096000
0.072000
0.093000
0.111000
0.086000
0.104000
0.111000
0.109000
0.102000
0.074000
0.102000
0.100000
0.097000
0.108000
0.095000
0.101000
0.109000
0.100000
0.098000
0.118000
0.096000
0.071000
0.110000
0.113000
0.095000
0.105000
0.082000
0.114000
0.100000
0.102000
0.092000
0.093000
0.107000
0.221000
0.178000
0.217000
0.197000
0.208000
0.096000
157.502000
0.108000
0.172000
0.118000
0.092000
0.095000
0.110000
0.087000
0.099000
0.094000
0.102000
0.083000
0.122000
0.100000
0.107000
0.078000
0.098000
0.102000
0.119000
0.081000
0.119000
0.101000
0.088000
0.098000
0.112000
0.104000
0.106000
0.060000
0.123000
0.109000
0.098000
0.111000
0.099000
0.085000
0.099000
0.100000
0.095000
0.100000
0.108000
0.111000
0.170000
1.722000
0.097000
0.184000
0.118000
0.096000
0.151000
0.061000
0.090000
0.091000
0.109000
0.095000
0.098000
0.103000
0.087000
0.110000
0.109000
0.097000
0.099000
0.092000
0.097000
0.120000
0.103000
0.090000
0.092000
0.115000
0.082000
0.099000
0.101000
0.214000
0.089000
0.170000
0.099000
0.048000
0.094000
0.141000
0.051000
0.105000
0.126000
0.072000
0.093000
0.109000
0.108000
0.093000
0.093000
0.114000
0.098000
0.088000
0.193000
0.112000
0.085000
0.102000
0.102000
0.204000
0.095000
0.156000
0.070000
0.093000
1.187000
0.114000
0.089000
0.092000
0.110000
0.100000
0.102000
0.101000
0.090000
0.104000
0.119000
0.087000
0.088000
0.108000
0.086000
0.175000
0.101000
0.092000
0.066000
0.105000
0.079000
0.093000
0.209000
0.090000
0.145000
0.048000
0.108000
0.207000
0.193000
0.112000
0.102000
0.091000
0.093000
0.106000
0.100000
0.120000
0.096000
0.080000
18.737000
0.067000
0.108000
0.103000
0.089000
0.096000
0.105000
0.092000
0.102000
0.109000
0.086000
0.137000
0.068000
0.114000
0.103000
0.083000
0.104000
0.098000
0.118000
0.092000
0.095000
0.097000
0.088000
0.131000
0.089000
0.096000
0.299000
0.300000
0.112000
0.088000
0.099000
0.087000
0.116000
0.194000
0.102000
0.090000
0.320000
0.154000
0.055000
0.082000
0.184000
0.112000
0.100000
0.090000
0.113000
0.107000
0.095000
0.102000
0.100000
0.099000
16.103000
0.204000
0.105000
0.098000
0.132000
0.050000
0.115000
0.095000
0.206000
0.307000
0.119000
0.163000
0.297000
0.102000
0.099000
0.126000
0.111000
0.084000
0.088000
0.097000
0.105000
0.090000
0.109000
0.103000
0.099000
0.205000
0.098000
0.095000
0.104000
0.098000
0.092000
0.112000
0.182000
0.115000
7.005000
0.158000
0.083000
0.059000
0.076000
0.106000
0.136000
0.081000
0.206000
0.071000
0.105000
0.102000
0.195000
0.112000
0.104000
0.127000
0.071000
0.098000
0.141000
0.128000
0.065000
0.054000
0.123000
0.090000
0.116000
0.076000
0.102000
0.111000
0.099000
403.396000
0.109000
0.133000
0.136000
0.075000
0.060000
0.090000
0.106000
0.100000
0.091000
0.097000
0.208000
0.081000
0.101000
0.318000
0.104000
0.103000
0.063000
0.127000
0.097000
0.090000
0.093000
0.111000
0.106000
0.108000
0.097000
0.104000
0.085000
0.094000
0.102000
0.104000
0.099000
155.794000
0.185000
0.143000
0.129000
0.169000
0.192000
0.096000
0.094000
0.097000
0.102000
0.103000
0.100000
0.103000
0.104000
0.086000
0.210000
0.101000
0.091000
0.114000
0.093000
0.104000
0.136000
0.056000
0.110000
0.097000
0.096000
0.101000
0.098000
0.087000
0.116000
102.905000
0.095000
0.088000
0.102000
0.104000
0.198000
0.109000
0.094000
0.218000
0.078000
0.128000
0.075000
0.122000
0.183000
0.115000
846.371000
0.096000
0.126000
0.090000
0.082000
0.212000
0.102000
0.115000
0.088000
0.096000
0.092000
0.208000
0.096000
0.105000
0.106000
0.101000
0.105000
0.119000
0.090000
0.089000
119.715000
0.065000
0.123000
0.088000
0.115000
0.094000
0.099000
0.089000
0.103000
0.107000
0.120000
0.072000
0.110000
0.093000
0.191000
0.092000
0.112000
0.109000
0.201000
0.127000
0.082000
0.195000
0.113000
0.125000
0.192000
0.069000
0.086000
0.107000
0.108000
0.095000
