0.000000
0.100000
0.097000
0.105000
0.095000
0.116000
0.099000
0.098000
0.060000
0.096000
0.084000
0.113000
0.149000
0.082000
0.104000
0.099000
0.106000
0.093000
0.104000
0.094000
0.099000
0.107000
0.105000
0.094000
0.106000
0.086000
0.107000
0.105000
0.101000
0.106000
0.097000
133.669000
0.105000
0.100000
0.095000
0.114000
0.094000
0.095000
0.100000
0.106000
0.100000
0.097000
0.091000
0.103000
0.095000
0.105000
0.092000
0.094000
0.106000
0.105000
0.094000
0.099000
0.106000
0.098000
0.126000
0.088000
0.109000
0.074000
0.100000
0.103000
0.100000
0.103000
0.091000
0.098000
0.105000
0.106000
0.100000
0.118000
0.071000
19.226000
0.091000
0.092000
0.097000
0.103000
0.095000
0.123000
0.099000
0.085000
0.104000
0.103000
0.104000
0.098000
0.135000
0.110000
0.083000
0.085000
0.094000
0.111000
0.088000
0.112000
0.088000
0.083000
0.105000
0.129000
0.075000
0.102000
0.098000
0.122000
0.137000
0.180000
0.080000
0.077000
0.127000
0.100000
1.382000
0.115000
0.099000
0.087000
0.103000
1.207000
0.119000
0.082000
0.083000
0.119000
0.089000
0.117000
0.071000
0.103000
