0.000000
0.102000
0.096000
0.101000
0.096000
0.104000
0.097000
0.105000
0.095000
0.103000
0.104000
0.799000
0.098000
0.192000
0.097000
0.103000
0.101000
0.107000
0.102000
0.083000
0.120000
0.082000
0.118000
0.092000
0.107000
0.088000
0.104000
0.196000
0.120000
0.083000
23.809000
0.103000
0.097000
0.088000
0.116000
0.182000
0.094000
0.104000
0.102000
0.104000
0.089000
0.101000
0.123000
0.091000
0.193000
0.194000
0.109000
0.101000
0.195000
0.099000
0.123000
0.085000
0.105000
0.101000
0.101000
0.182000
0.104000
0.096000
0.110000
0.099000
0.192000
0.096000
0.102000
0.100000
0.103000
0.091000
0.098000
0.119000
0.103000
113.596000
0.193000
0.107000
0.192000
0.097000
0.110000
0.095000
0.111000
0.190000
0.111000
0.099000
0.113000
0.097000
0.187000
0.115000
0.171000
0.107000
0.097000
0.112000
0.105000
0.189000
0.110000
0.086000
0.110000
0.100000
0.100000
0.100000
0.109000
0.166000
0.093000
0.124000
0.055000
0.051000
0.108000
0.194000
0.106000
0.101000
0.190000
0.101000
9.495000
0.092000
0.115000
0.108000
0.093000
0.096000
0.189000
0.103000
0.103000
0.123000
0.099000
0.105000
0.090000
0.090000
0.104000
0.179000
0.103000
0.100000
0.102000
0.107000
0.092000
0.106000
0.098000
0.103000
0.105000
0.097000
0.115000
0.102000
0.186000
0.195000
0.109000
0.191000
70.603000
0.102000
0.103000
0.186000
0.187000
0.070000
0.078000
0.129000
0.097000
0.148000
0.103000
0.102000
0.152000
0.063000
0.111000
0.144000
0.086000
0.085000
0.051000
0.107000
0.096000
0.194000
0.104000
0.099000
0.097000
0.114000
0.106000
0.172000
0.121000
0.191000
0.096000
0.105000
0.097000
0.099000
0.098000
0.096000
0.110000
0.183000
0.107000
0.116000
0.188000
0.101000
0.101000
0.102000
0.095000
0.102000
0.097000
0.114000
0.185000
0.102000
0.098000
18.005000
0.105000
0.095000
0.090000
0.104000
0.101000
0.110000
0.108000
0.187000
0.195000
0.200000
0.097000
0.096000
0.098000
0.108000
0.106000
0.104000
0.091000
0.082000
0.131000
75.917000
0.176000
0.107000
0.172000
0.147000
0.115000
0.088000
0.095000
0.080000
0.190000
0.114000
0.087000
0.116000
0.098000
0.103000
0.108000
0.091000
0.104000
0.100000
0.083000
0.108000
0.195000
0.100000
0.111000
0.095000
0.123000
0.067000
0.117000
0.090000
0.108000
0.099000
0.188000
0.099000
40.302000
0.123000
0.080000
0.107000
0.109000
0.091000
0.111000
0.096000
0.120000
21.353000
0.102000
0.135000
0.084000
0.173000
0.132000
0.092000
0.091000
0.194000
0.107000
0.092000
0.106000
0.094000
0.104000
0.105000
0.092000
0.121000
0.187000
0.099000
0.099000
0.101000
0.186000
0.124000
0.098000
0.107000
0.117000
0.078000
0.097000
0.107000
0.099000
0.192000
0.108000
0.184000
0.122000
0.179000
0.124000
0.094000
0.192000
0.102000
0.106000
0.085000
0.201000
0.103000
58.400000
0.103000
0.181000
0.109000
0.205000
0.092000
0.100000
0.109000
0.102000
0.114000
0.107000
0.109000
0.159000
0.132000
0.077000
0.108000
0.108000
0.135000
0.102000
0.068000
0.099000
0.082000
0.114000
0.173000
0.107000
0.102000
0.112000
0.104000
0.090000
0.096000
0.192000
0.104000
0.101000
0.189000
0.083000
0.053000
0.174000
0.105000
0.098000
0.112000
72.878000
0.102000
0.097000
0.120000
0.120000
0.131000
0.055000
0.191000
0.297000
0.102000
0.101000
0.110000
0.176000
0.112000
0.104000
0.094000
0.191000
0.096000
0.125000
0.104000
0.086000
0.110000
0.097000
0.114000
0.280000
0.094000
0.108000
0.092000
0.116000
0.282000
0.092000
0.107000
0.110000
0.196000
0.099000
0.191000
0.108000
42.011000
0.191000
0.102000
0.098000
0.120000
0.081000
0.185000
0.113000
0.087000
0.120000
0.189000
0.073000
0.102000
0.082000
0.105000
0.136000
0.081000
0.057000
0.088000
0.091000
0.190000
0.186000
0.106000
0.115000
0.088000
0.112000
0.108000
447.493000
0.094000
0.100000
0.098000
0.109000
0.092000
199.114000
0.179000
0.121000
0.088000
0.098000
0.100000
0.187000
0.119000
0.184000
0.101000
0.098000
0.100000
0.103000
0.105000
0.101000
0.106000
0.098000
0.105000
0.089000
0.195000
0.196000
0.069000
0.115000
0.049000
0.084000
0.107000
0.104000
0.095000
0.101000
0.180000
0.102000
0.120000
0.082000
0.112000
0.090000
0.103000
0.105000
0.101000
0.109000
0.174000
0.105000
180.093000
0.104000
0.103000
0.097000
0.098000
0.105000
0.107000
0.108000
0.114000
0.083000
0.110000
0.078000
0.114000
0.099000
224.409000
0.178000
0.123000
0.115000
0.083000
0.091000
0.108000
0.109000
0.096000
0.141000
0.052000
0.099000
