38
72
113
137
172
209
235
268
302
308
317
407
426
462
487
498
509
515
530
562
586
614
648
677
683
717
754
762
764
770
781
817
837
862
895
900
920
949
956
980
1013
1043
1072
1097
1112
1140
1179
1245
1283
1296
1311
1318
1331
1364
1386
1399
1420
1447
1526
1559
1563
1566
1579
1597
1625
1658
1694
1727
1739
1773
1809
1846
1896
1938
1968
1985
2023
2049
2093
2114
2140
2169
2235
2267
2274
2307
2337
2360
2368
2388
2424
2441
2465
2498
2520
2534
2544
2561
2583
2627
2681
2684
2692
2716
2733
2741
2766
2795
2817
2832
2844
2861
2866
2875
2893
2914
2950
2964
2981
2985
3001
3039
3060
3063
3089
3115
3161
3216
3228
3235
3270
3313
3321
3346
3382
3398
3413
3460
3494
3527
3561
3571
