0.000000
0.183000
0.112000
0.100000
0.108000
0.101000
0.104000
0.076000
0.123000
0.108000
0.163000
0.133000
0.094000
0.090000
0.099000
0.098000
0.104000
0.097000
0.186000
0.127000
0.084000
0.114000
0.147000
0.049000
0.128000
0.093000
0.066000
0.113000
0.151000
0.075000
0.073000
0.108000
0.096000
0.092000
0.109000
0.101000
0.119000
0.082000
0.093000
0.105000
0.098000
0.104000
0.083000
0.112000
0.104000
0.097000
0.102000
0.117000
0.095000
0.097000
0.092000
0.124000
0.084000
0.122000
0.117000
0.057000
0.114000
0.086000
0.137000
0.082000
0.106000
0.094000
0.082000
0.087000
0.106000
0.090000
0.103000
0.104000
0.109000
0.095000
0.102000
0.112000
0.083000
0.105000
0.088000
0.118000
0.098000
12.788000
0.106000
0.096000
0.104000
0.103000
0.093000
0.099000
0.112000
0.093000
0.086000
0.108000
0.106000
0.095000
0.095000
0.187000
0.116000
0.108000
0.077000
0.121000
0.119000
0.079000
0.105000
0.103000
0.098000
0.096000
0.136000
0.149000
0.095000
0.119000
0.098000
0.097000
0.110000
0.096000
0.095000
0.107000
0.105000
0.134000
0.052000
0.101000
0.103000
0.114000
716.302000
0.155000
0.104000
0.064000
0.084000
0.561000
0.108000
0.502000
0.077000
0.112000
0.103000
0.100000
0.121000
0.177000
0.105000
105.720000
0.083000
0.114000
0.316000
0.082000
0.189000
0.203000
0.075000
0.107000
0.206000
0.109000
0.096000
0.198000
0.398000
0.102000
0.198000
0.116000
0.174000
0.419000
0.106000
0.085000
314.001000
0.120000
0.180000
0.208000
0.086000
0.101000
0.104000
0.103000
0.090000
0.209000
0.124000
0.181000
0.104000
0.097000
0.114000
0.177000
0.112000
0.091000
0.109000
0.099000
0.106000
0.093000
0.099000
22.701000
0.195000
0.106000
0.098000
0.104000
0.097000
0.099000
0.186000
0.117000
0.100000
0.195000
0.100000
0.106000
0.098000
0.101000
0.192000
0.106000
0.056000
0.125000
0.131000
0.090000
0.165000
0.049000
0.172000
0.106000
0.222000
0.157000
406.589000
0.093000
0.081000
0.093000
0.079000
0.092000
0.103000
0.106000
0.287000
0.106000
0.102000
0.203000
0.104000
244.583000
0.091000
0.106000
0.103000
0.102000
0.093000
0.111000
0.105000
0.091000
0.115000
0.086000
0.304000
0.102000
0.290000
0.110000
54.301000
0.096000
0.106000
0.188000
0.117000
0.286000
0.103000
0.185000
0.115000
0.111000
0.092000
0.103000
0.110000
0.190000
0.098000
0.186000
0.109000
0.101000
0.097000
0.209000
0.095000
0.104000
0.194000
0.103000
0.199000
0.110000
0.096000
0.099000
0.205000
0.174000
0.105000
0.207000
299.315000
0.181000
0.100000
0.106000
0.200000
0.123000
0.478000
0.184000
0.216000
0.104000
0.185000
0.400000
0.196000
14.019000
0.099000
0.104000
0.393000
0.105000
0.189000
0.202000
0.105000
0.115000
0.145000
0.128000
0.122000
0.288000
0.112000
0.081000
0.119000
0.098000
0.183000
0.100000
0.194000
0.115000
0.198000
0.130000
0.133000
0.056000
0.180000
0.265000
0.097000
0.441000
0.102000
0.104000
0.303000
0.097000
0.094000
0.207000
0.104000
0.093000
0.202000
0.293000
1.096000
0.102000
0.096000
0.302000
0.110000
0.096000
0.113000
0.095000
0.384000
0.093000
0.451000
0.059000
0.107000
0.300000
0.486000
135.509000
0.098000
0.498000
0.092000
0.112000
0.104000
0.211000
0.086000
0.300000
0.113000
0.096000
0.182000
0.101000
51.197000
0.096000
0.106000
0.107000
0.196000
0.297000
0.114000
0.077000
0.219000
0.193000
0.105000
0.319000
0.279000
12.694000
0.100000
0.120000
0.175000
0.297000
0.199000
0.116000
0.061000
0.351000
0.095000
0.189000
0.298000
0.114000
0.155000
0.049000
138.575000
0.105000
0.093000
0.307000
0.096000
0.110000
0.103000
0.292000
0.207000
0.099000
0.202000
0.098000
0.199000
30.814000
0.102000
0.085000
0.204000
0.285000
0.089000
0.055000
0.107000
0.555000
0.122000
0.320000
0.361000
0.304000
0.096000
0.195000
0.099000
0.498000
0.114000
0.304000
0.102000
0.107000
0.105000
1.594000
0.090000
0.105000
0.103000
0.166000
0.213000
0.120000
0.300000
0.094000
0.101000
0.290000
57.120000
0.081000
0.195000
0.103000
0.315000
0.184000
0.105000
0.201000
0.191000
0.705000
0.111000
0.399000
0.400000
0.089000
0.507000
0.103000
55.991000
0.106000
1.093000
0.107000
25.302000
0.112000
1.094000
0.152000
0.060000
0.080000
62.890000
0.112000
0.103000
0.099000
0.180000
0.222000
0.283000
0.201000
0.105000
0.115000
0.097000
0.100000
0.093000
0.398000
0.195000
0.192000
0.115000
0.217000
0.189000
0.096000
0.219000
0.176000
0.195000
0.109000
75.293000
0.120000
0.285000
0.104000
0.386000
0.210000
0.195000
0.210000
0.290000
0.102000
0.187000
467.318000
0.089000
0.095000
0.108000
0.105000
0.181000
0.806000
0.113000
0.511000
0.073000
0.211000
0.110000
71.722000
0.272000
0.294000
0.212000
0.276000
0.217000
0.296000
0.205000
0.197000
0.187000
1021.614000
0.106000
0.098000
0.107000
0.198000
0.186000
0.121000
0.389000
0.104000
0.102000
0.098000
0.187000
0.102000
0.114000
0.300000
24.787000
0.100000
0.094000
0.106000
0.397000
0.104000
0.107000
0.096000
0.200000
0.106000
0.199000
0.104000
0.199000
0.181000
0.106000
0.103000
0.101000
0.208000
0.103000
0.392000
130.677000
0.107000
0.102000
0.116000
1.319000
0.095000
0.101000
0.083000
206.990000
0.107000
0.091000
0.097000
0.101000
0.103000
0.088000
0.212000
0.098000
0.091000
0.126000
0.085000
0.296000
0.104000
0.076000
0.139000
0.176000
0.117000
0.061000
0.152000
0.085000
0.318000
388.989000
0.196000
0.102000
0.109000
0.107000
0.096000
0.267000
0.105000
0.102000
0.105000
0.097000
0.108000
0.105000
0.260000
0.066000
0.101000
0.111000
0.106000
0.067000
0.102000
0.088000
0.130000
0.071000
0.099000
0.191000
0.090000
0.104000
0.114000
0.095000
0.104000
0.106000
0.108000
0.089000
0.181000
0.122000
0.080000
0.125000
0.088000
0.110000
0.186000
0.198000
0.101000
0.114000
0.085000
0.115000
0.186000
0.105000
0.106000
0.101000
0.099000
0.192000
0.100000
0.192000
0.105000
1078.306000
0.098000
0.123000
0.403000
0.088000
0.094000
0.184000
0.105000
0.304000
0.099000
0.111000
0.083000
0.111000
0.291000
0.198000
0.101000
0.101000
0.122000
0.083000
0.190000
0.108000
0.180000
0.214000
0.119000
0.173000
2.321000
0.110000
0.171000
0.120000
0.089000
0.298000
0.098000
0.210000
0.102000
0.295000
0.190000
0.202000
0.116000
0.103000
0.175000
0.107000
0.104000
0.104000
0.100000
0.102000
0.283000
0.111000
0.102000
0.091000
0.116000
0.095000
0.304000
0.185000
0.111000
0.087000
0.198000
0.107000
0.208000
17.401000
0.086000
0.115000
0.091000
0.171000
0.052000
0.098000
0.188000
0.191000
0.208000
0.097000
0.104000
0.115000
0.368000
0.113000
266.191000
0.105000
0.101000
0.105000
0.094000
0.210000
0.200000
0.100000
0.195000
0.212000
0.183000
0.210000
0.096000
0.105000
0.282000
0.110000
0.222000
0.090000
172.784000
0.116000
0.382000
0.115000
0.188000
0.197000
0.105000
0.391000
0.109000
0.106000
111.485000
0.108000
0.101000
0.305000
0.197000
0.197000
0.082000
0.071000
0.453000
0.094000
0.094000
0.111000
0.188000
0.299000
0.096000
0.101000
0.104000
0.107000
0.089000
0.315000
0.093000
3.202000
0.106000
0.091000
0.293000
0.103000
0.098000
0.109000
0.114000
0.384000
0.198000
0.107000
0.188000
129.199000
0.107000
0.143000
0.159000
0.288000
0.110000
0.098000
0.101000
0.086000
0.129000
0.183000
0.097000
0.096000
0.329000
369.378000
0.106000
0.090000
0.100000
0.108000
0.087000
0.068000
0.491000
0.143000
0.106000
0.092000
0.257000
0.147000
0.089000
0.074000
0.457000
0.091000
0.090000
0.113000
0.099000
101.496000
0.063000
0.332000
0.098000
0.309000
0.103000
0.095000
0.109000
0.183000
0.313000
0.096000
0.097000
0.409000
0.086000
0.093000
0.108000
0.207000
538.313000
0.098000
0.103000
0.292000
0.296000
0.099000
0.104000
0.090000
0.208000
0.112000
0.096000
0.102000
0.092000
0.114000
0.199000
5.196000
0.092000
0.109000
0.180000
0.211000
0.310000
0.101000
0.091000
0.389000
0.144000
0.064000
0.120000
0.483000
0.107000
0.295000
0.489000
0.120000
0.089000
0.103000
0.499000
0.195000
0.096000
0.095000
27.303000
0.120000
0.091000
0.592000
0.100000
0.091000
0.328000
0.092000
0.099000
0.096000
0.106000
0.104000
0.374000
0.103000
0.404000
0.097000
0.095000
0.114000
0.105000
0.195000
0.095000
0.094000
0.109000
5.399000
0.105000
0.080000
0.417000
0.104000
0.485000
0.113000
0.603000
0.093000
0.103000
0.099000
0.502000
0.099000
0.209000
0.097000
0.186000
0.297000
0.112000
0.088000
0.119000
0.092000
0.109000
0.290000
0.093000
0.110000
0.181000
401.504000
0.105000
0.110000
0.195000
0.192000
0.112000
0.104000
0.171000
0.055000
0.162000
0.113000
0.115000
0.175000
0.178000
0.122000
0.101000
0.105000
0.096000
0.093000
0.108000
0.113000
0.099000
0.098000
0.102000
0.100000
0.096000
0.094000
0.114000
0.098000
0.183000
119.860000
0.055000
0.114000
0.110000
0.066000
0.101000
0.099000
0.103000
0.114000
0.109000
0.088000
0.182000
0.097000
0.106000
0.193000
0.098000
0.097000
0.102000
0.105000
0.098000
0.101000
0.114000
0.182000
0.115000
0.080000
0.111000
0.091000
0.128000
0.086000
0.116000
0.110000
0.091000
0.169000
0.099000
0.111000
0.097000
0.094000
0.100000
0.120000
0.185000
13.298000
0.101000
0.103000
0.104000
0.192000
0.101000
0.090000
0.055000
0.149000
0.115000
0.091000
0.214000
0.134000
0.088000
0.064000
0.124000
0.173000
33.807000
0.120000
0.184000
0.098000
0.114000
0.292000
0.196000
0.100000
0.099000
0.118000
0.088000
0.117000
0.276000
0.190000
0.130000
0.092000
0.104000
0.094000
0.293000
0.281000
0.127000
0.106000
0.101000
0.102000
0.275000
0.204000
0.096000
0.103000
0.097000
0.194000
0.113000
26.896000
0.113000
0.108000
0.110000
0.864000
0.125000
0.169000
108.211000
0.206000
0.112000
0.090000
0.180000
0.229000
0.178000
0.205000
0.113000
0.283000
0.096000
0.112000
0.106000
0.110000
0.190000
0.109000
0.093000
0.127000
0.162000
0.100000
0.091000
0.210000
0.100000
0.100000
0.102000
0.077000
0.117000
0.101000
0.097000
0.104000
0.109000
36.608000
0.188000
0.101000
0.107000
0.107000
0.188000
0.187000
0.106000
0.190000
0.113000
0.085000
71.805000
0.105000
0.094000
0.138000
0.236000
0.129000
0.079000
0.057000
0.291000
0.077000
0.176000
0.092000
0.237000
0.185000
0.203000
0.090000
0.126000
0.193000
122.993000
0.093000
0.112000
0.109000
0.101000
0.280000
0.117000
0.093000
0.203000
0.194000
0.299000
0.129000
622.973000
0.092000
0.113000
0.098000
0.496000
0.104000
0.093000
0.099000
0.216000
0.183000
148.509000
0.108000
0.174000
0.115000
0.096000
0.104000
0.107000
0.060000
0.081000
0.158000
0.115000
0.281000
0.093000
0.105000
0.103000
0.106000
0.192000
0.107000
0.127000
0.079000
0.273000
0.101000
0.106000
0.118000
0.293000
0.088000
0.109000
0.111000
0.187000
0.099000
0.097000
0.112000
0.111000
0.089000
0.109000
52.916000
0.166000
0.109000
0.299000
0.112000
0.106000
0.086000
0.105000
0.191000
0.101000
0.299000
0.087000
0.116000
0.192000
0.121000
0.095000
0.088000
0.112000
0.188000
0.113000
0.177000
0.123000
0.230000
0.092000
0.073000
0.121000
0.083000
0.209000
0.185000
0.192000
37.899000
0.103000
0.098000
0.102000
0.103000
0.199000
0.213000
0.112000
0.260000
0.208000
0.112000
0.184000
0.116000
0.093000
0.107000
0.092000
0.291000
0.307000
0.111000
0.097000
0.480000
0.104000
0.108000
0.103000
0.099000
0.195000
0.124000
27.289000
0.173000
0.072000
0.090000
0.277000
0.279000
0.301000
0.196000
0.106000
0.190000
0.113000
0.105000
0.181000
0.105000
0.114000
0.272000
0.055000
0.091000
0.099000
0.350000
0.107000
0.107000
0.112000
0.103000
36.306000
0.108000
0.099000
0.170000
0.401000
0.105000
0.090000
0.112000
0.099000
0.107000
0.180000
0.145000
0.092000
0.178000
0.109000
0.197000
0.100000
0.300000
0.292000
0.109000
0.098000
0.394000
0.113000
0.194000
0.098000
0.104000
69.616000
0.084000
0.180000
0.211000
0.065000
0.228000
0.215000
0.181000
0.108000
0.110000
0.183000
0.101000
0.111000
10.209000
0.168000
0.055000
0.182000
0.100000
0.382000
0.115000
0.088000
0.408000
0.188000
0.104000
0.100000
0.136000
0.239000
1.315000
0.107000
0.099000
0.337000
0.098000
0.094000
0.092000
0.294000
0.093000
0.107000
0.107000
0.187000
0.213000
0.106000
0.082000
0.106000
0.211000
0.105000
0.092000
0.192000
0.098000
0.104000
0.180000
0.103000
0.101000
0.197000
0.302000
0.111000
0.117000
0.095000
0.090000
68.363000
0.050000
0.179000
0.075000
0.216000
0.140000
0.134000
0.084000
0.169000
0.175000
0.123000
0.173000
0.101000
0.118000
0.294000
51.996000
0.111000
0.208000
0.375000
0.107000
0.097000
0.224000
0.130000
0.050000
0.109000
0.359000
0.062000
0.094000
0.197000
0.166000
0.127000
0.183000
0.103000
0.197000
0.101000
0.294000
0.108000
0.094000
53.400000
0.194000
0.105000
0.101000
0.107000
0.074000
0.114000
0.113000
0.082000
0.067000
0.074000
0.264000
0.094000
0.114000
0.098000
0.097000
235.508000
0.099000
0.102000
0.101000
0.215000
0.177000
0.101000
0.094000
0.105000
0.122000
0.091000
0.188000
0.192000
0.103000
0.097000
0.100000
0.097000
0.237000
0.163000
0.121000
0.078000
0.113000
0.100000
0.087000
0.101000
137.914000
0.185000
0.087000
0.227000
0.100000
0.098000
0.117000
0.201000
0.184000
0.111000
0.172000
237.505000
0.119000
0.185000
0.105000
0.106000
0.091000
0.106000
0.200000
0.082000
0.104000
0.111000
0.207000
0.197000
286.698000
0.102000
0.098000
0.095000
0.196000
0.307000
0.208000
0.206000
0.099000
0.183000
0.117000
0.090000
0.105000
0.170000
0.059000
78.556000
0.062000
0.061000
0.104000
0.433000
0.064000
0.178000
0.208000
0.108000
0.179000
0.121000
0.090000
0.193000
110.691000
0.108000
0.111000
0.097000
0.189000
0.222000
0.089000
0.195000
0.215000
0.098000
110.396000
0.119000
0.115000
0.074000
0.291000
0.099000
0.097000
0.207000
0.105000
0.095000
0.181000
0.129000
0.276000
0.107000
0.100000
0.302000
0.187000
0.099000
0.122000
0.398000
0.191000
0.099000
231.103000
0.117000
0.094000
0.093000
0.286000
0.100000
0.220000
0.177000
0.200000
0.252000
0.120000
0.054000
0.153000
0.344000
0.102000
0.214000
0.086000
0.150000
0.067000
3.172000
0.195000
0.105000
0.307000
0.178000
0.111000
0.300000
0.103000
0.104000
0.145000
0.143000
0.109000
0.191000
22.427000
0.099000
0.093000
0.098000
0.495000
0.097000
0.104000
0.387000
0.108000
0.518000
0.092000
0.190000
0.106000
0.200000
0.101000
0.311000
0.093000
0.275000
147.724000
0.101000
0.281000
0.105000
0.093000
0.214000
0.105000
0.391000
0.101000
0.098000
0.504000
0.088000
0.115000
6.191000
0.107000
0.096000
0.283000
0.081000
0.051000
0.390000
0.109000
0.173000
0.416000
0.192000
0.104000
0.208000
0.183000
0.134000
0.089000
0.114000
0.174000
0.111000
0.195000
0.290000
42.096000
0.130000
0.111000
0.570000
0.099000
0.349000
0.140000
0.108000
0.407000
338.093000
0.095000
0.099000
0.110000
0.189000
0.103000
0.095000
0.114000
0.101000
0.180000
0.197000
0.102000
0.123000
0.112000
0.276000
0.112000
0.087000
0.197000
0.104000
0.104000
0.105000
3.393000
0.091000
0.104000
0.099000
0.409000
0.091000
0.103000
0.106000
0.100000
0.291000
0.192000
0.107000
0.301000
0.108000
0.095000
0.089000
0.123000
0.276000
0.102000
0.104000
0.098000
0.202000
0.094000
239.614000
0.109000
0.098000
0.087000
0.112000
0.284000
0.101000
0.112000
0.106000
0.101000
0.095000
263.294000
0.093000
0.106000
0.099000
0.181000
0.062000
0.159000
0.109000
0.191000
0.108000
0.099000
0.051000
0.263000
0.132000
0.153000
0.285000
397.072000
0.129000
0.112000
0.957000
0.131000
0.064000
0.058000
0.112000
28.878000
0.112000
0.284000
0.108000
0.102000
0.088000
0.111000
0.100000
0.195000
0.099000
0.100000
0.197000
0.100000
0.104000
0.105000
0.099000
0.096000
0.099000
151.602000
0.100000
0.103000
0.094000
0.092000
0.217000
0.254000
0.084000
0.165000
0.575000
259.810000
0.106000
0.097000
162.004000
0.100000
0.106000
0.794000
0.096000
0.101000
0.105000
156.612000
0.190000
0.105000
0.182000
0.117000
0.186000
0.110000
0.401000
0.291000
0.199000
0.100000
0.295000
0.157000
0.243000
0.126000
0.190000
0.301000
439.196000
0.104000
0.100000
0.595000
0.096000
0.128000
0.082000
0.192000
0.286000
0.207000
0.112000
0.087000
0.100000
0.112000
0.099000
0.391000
0.102000
0.105000
0.100000
0.106000
61.989000
0.112000
0.097000
0.197000
0.701000
0.093000
0.113000
0.194000
1.095000
0.112000
0.089000
0.094000
0.410000
0.193000
0.109000
0.383000
0.255000
0.091000
0.089000
0.186000
0.119000
0.095000
0.146000
0.061000
0.178000
0.197000
0.108000
0.094000
0.103000
202.997000
0.080000
0.112000
0.084000
0.101000
0.122000
0.123000
0.154000
0.114000
0.090000
0.202000
0.208000
0.103000
0.109000
0.099000
0.106000
0.183000
0.100000
0.314000
0.099000
0.196000
0.088000
0.095000
0.111000
0.093000
0.103000
1281.413000
0.190000
0.108000
0.101000
0.190000
0.392000
0.112000
0.109000
0.305000
0.191000
0.102000
0.107000
0.096000
0.178000
0.108000
0.094000
0.109000
0.100000
671.701000
0.101000
0.089000
0.109000
0.299000
0.092000
0.107000
0.104000
0.091000
0.102000
0.100000
0.093000
0.108000
0.204000
0.094000
0.094000
0.104000
0.219000
0.177000
0.118000
56.679000
0.120000
0.094000
0.098000
0.214000
0.177000
0.113000
0.291000
0.093000
0.105000
0.183000
0.216000
0.056000
0.159000
0.254000
0.070000
25.474000
0.152000
0.148000
0.089000
0.107000
0.101000
0.196000
0.309000
0.190000
0.100000
0.115000
0.106000
0.187000
0.204000
0.100000
0.102000
0.233000
0.089000
0.169000
0.195000
0.096000
0.110000
0.106000
0.082000
0.199000
0.113000
0.113000
0.171000
0.105000
0.105000
0.103000
0.189000
0.107000
0.131000
0.175000
342.200000
0.083000
0.126000
0.091000
0.189000
0.099000
0.097000
0.116000
0.194000
0.105000
0.095000
0.387000
0.164000
0.049000
0.136000
0.156000
0.127000
0.151000
0.094000
0.053000
25.667000
0.115000
0.107000
0.205000
0.088000
0.090000
0.110000
0.192000
0.114000
0.085000
0.107000
0.101000
0.299000
0.101000
0.094000
0.107000
0.095000
0.092000
0.205000
0.092000
0.107000
0.097000
0.100000
0.097000
0.212000
0.294000
377.002000
0.115000
0.081000
0.103000
0.121000
0.181000
0.118000
0.293000
0.085000
0.106000
0.091000
0.208000
0.206000
0.094000
0.102000
0.108000
0.185000
0.110000
0.193000
243.006000
0.097000
0.105000
0.098000
0.204000
0.106000
0.184000
0.113000
0.095000
0.100000
0.095000
0.101000
0.195000
0.094000
0.106000
46.308000
0.099000
0.111000
0.095000
0.093000
0.109000
0.080000
0.123000
0.099000
0.099000
0.102000
0.080000
0.182000
0.116000
0.122000
0.098000
457.391000
0.094000
0.110000
0.107000
0.302000
0.100000
0.382000
0.096000
0.106000
0.105000
0.093000
0.062000
0.248000
0.091000
0.097000
242.428000
0.156000
0.062000
0.085000
0.091000
0.165000
0.229000
0.101000
0.189000
0.104000
0.108000
0.201000
0.107000
0.185000
0.116000
31.191000
0.101000
0.053000
0.135000
1.494000
0.115000
0.113000
0.172000
0.099000
414.096000
0.109000
0.112000
0.078000
0.074000
0.144000
0.085000
0.130000
0.132000
0.072000
0.181000
0.194000
0.060000
0.180000
0.097000
0.367000
0.092000
0.112000
0.103000
0.092000
0.117000
0.182000
0.100000
0.100000
0.089000
0.113000
0.098000
0.090000
0.302000
0.114000
0.088000
0.093000
0.108000
0.099000
0.098000
0.109000
0.095000
0.103000
0.100000
0.203000
0.099000
0.086000
0.214000
0.196000
18.002000
0.094000
0.094000
0.055000
0.072000
0.384000
0.100000
0.100000
0.105000
0.388000
0.104000
0.100000
0.216000
0.100000
0.181000
0.101000
0.106000
0.101000
0.094000
0.207000
0.103000
0.106000
0.057000
0.071000
0.109000
0.076000
0.177000
0.102000
2.202000
0.130000
0.163000
0.096000
0.204000
0.104000
0.098000
0.104000
0.091000
0.099000
0.205000
0.201000
0.101000
0.104000
0.100000
0.103000
0.090000
511.806000
0.109000
0.395000
0.099000
0.192000
0.197000
0.099000
0.116000
63.394000
0.112000
0.193000
0.194000
0.114000
0.181000
0.198000
0.303000
0.115000
0.204000
0.181000
0.123000
0.157000
0.063000
199.062000
0.099000
0.098000
0.103000
0.092000
0.097000
0.103000
0.114000
0.194000
0.106000
0.107000
0.095000
0.096000
0.196000
0.206000
0.194000
18.892000
0.115000
0.102000
0.296000
0.090000
0.220000
0.100000
0.190000
0.104000
0.295000
0.101000
0.098000
0.083000
0.319000
0.122000
0.093000
0.114000
0.089000
0.174000
0.113000
0.193000
0.109000
0.090000
131.594000
0.110000
0.086000
0.503000
0.102000
0.393000
0.195000
0.182000
0.444000
0.186000
0.118000
0.179000
0.294000
0.193000
0.171000
0.134000
3822.417000
0.104000
0.096000
0.095000
0.206000
0.105000
0.122000
0.160000
0.222000
0.155000
0.050000
0.174000
0.112000
0.100000
0.097000
0.091000
0.096000
4031.316000
0.118000
0.095000
0.102000
0.113000
0.090000
132.003000
0.099000
0.167000
0.113000
0.100000
0.202000
0.111000
0.278000
0.127000
0.171000
0.107000
0.200000
0.297000
3.712000
0.192000
0.101000
0.105000
0.419000
0.080000
0.110000
0.355000
0.065000
0.086000
0.102000
0.196000
0.083000
0.114000
53.897000
0.110000
0.114000
0.074000
0.093000
0.105000
0.107000
