0.000000
0.098000
0.097000
0.107000
0.097000
0.108000
0.092000
0.111000
0.081000
0.111000
0.103000
0.104000
0.089000
0.100000
0.103000
0.108000
0.093000
0.120000
0.162000
0.112000
0.101000
0.194000
0.110000
0.097000
0.101000
0.111000
0.097000
0.098000
0.095000
0.188000
0.099000
0.113000
0.097000
0.100000
0.106000
17.202000
0.101000
0.108000
0.108000
0.108000
0.105000
0.093000
0.075000
0.106000
0.175000
0.111000
0.200000
0.100000
0.114000
0.085000
0.118000
0.091000
0.094000
0.100000
0.104000
0.102000
0.099000
0.099000
0.101000
0.096000
0.101000
0.122000
0.080000
0.195000
0.102000
0.107000
24.296000
0.103000
0.095000
0.101000
0.102000
0.117000
0.083000
0.104000
0.186000
0.105000
0.103000
0.188000
0.106000
0.125000
0.091000
0.107000
0.089000
0.097000
0.094000
0.110000
0.185000
0.107000
0.101000
0.094000
0.107000
0.184000
0.110000
0.194000
0.094000
0.116000
0.102000
0.100000
0.190000
0.110000
0.098000
0.106000
0.104000
0.091000
0.111000
0.092000
0.116000
0.094000
0.084000
0.103000
0.190000
0.106000
0.102000
0.110000
0.097000
0.097000
0.101000
0.163000
111.934000
0.097000
0.108000
0.093000
0.099000
0.101000
0.110000
0.113000
0.072000
0.107000
0.105000
0.085000
0.112000
0.195000
0.101000
0.113000
0.096000
0.095000
0.099000
0.103000
0.096000
0.101000
0.104000
0.097000
0.104000
0.108000
0.103000
0.174000
0.082000
0.098000
0.111000
0.051000
0.082000
0.090000
0.101000
0.097000
0.096000
0.098000
0.112000
0.092000
0.095000
0.368000
0.143000
0.103000
0.087000
0.106000
0.175000
0.119000
0.102000
0.109000
0.085000
0.114000
0.091000
0.104000
0.098000
8.292000
0.105000
0.120000
0.099000
0.108000
0.171000
0.120000
0.094000
0.179000
0.109000
0.104000
0.104000
0.183000
0.105000
0.094000
0.118000
0.150000
0.078000
0.081000
0.084000
0.104000
0.191000
0.119000
0.094000
0.109000
71.500000
0.181000
0.109000
0.166000
0.061000
0.116000
0.126000
0.069000
0.154000
0.112000
0.086000
0.105000
0.098000
0.096000
0.104000
0.097000
0.102000
0.121000
0.104000
0.166000
0.098000
0.106000
0.207000
0.104000
0.098000
0.192000
0.090000
0.114000
0.088000
0.104000
0.100000
0.124000
0.094000
0.280000
0.112000
0.193000
0.109000
0.095000
0.201000
0.101000
0.184000
0.124000
0.090000
0.112000
0.183000
17.513000
0.100000
0.197000
0.096000
0.209000
0.191000
0.201000
0.210000
0.191000
0.115000
0.083000
0.098000
0.304000
0.105000
0.189000
0.103000
0.199000
0.104000
0.195000
0.205000
0.106000
0.189000
0.192000
0.123000
0.200000
0.282000
0.110000
0.105000
20.091000
0.108000
0.105000
0.200000
0.290000
0.096000
0.112000
0.410000
0.096000
0.280000
0.106000
0.105000
0.107000
0.188000
0.216000
0.093000
0.190000
0.187000
0.105000
0.106000
0.213000
0.097000
0.096000
0.103000
51.497000
0.113000
0.091000
0.100000
0.201000
0.092000
0.200000
0.191000
43.513000
0.108000
0.101000
0.089000
0.174000
0.393000
0.087000
0.114000
0.049000
0.390000
0.256000
0.086000
0.398000
0.134000
0.067000
0.073000
0.390000
0.175000
0.106000
0.093000
16.942000
0.081000
0.101000
0.105000
0.192000
0.094000
0.096000
0.194000
0.101000
0.095000
0.300000
0.113000
0.098000
0.109000
0.091000
0.098000
0.308000
0.108000
0.202000
0.173000
0.136000
0.185000
0.108000
0.083000
0.102000
0.301000
0.107000
0.096000
0.095000
0.110000
0.202000
0.102000
0.088000
0.103000
0.099000
0.108000
0.183000
0.099000
0.110000
0.197000
0.099000
0.100000
0.098000
0.299000
0.104000
0.186000
0.195000
0.116000
0.090000
57.607000
0.102000
0.101000
0.115000
0.100000
0.277000
0.108000
0.128000
0.090000
0.137000
0.457000
0.099000
0.187000
0.309000
0.102000
0.104000
0.288000
0.094000
0.107000
0.106000
0.165000
0.263000
0.071000
0.107000
0.068000
0.132000
73.978000
0.116000
0.090000
0.100000
0.102000
0.098000
0.112000
0.096000
0.190000
0.088000
0.128000
0.089000
0.119000
0.086000
0.219000
0.168000
0.120000
0.137000
0.070000
0.108000
0.067000
0.113000
0.092000
0.099000
0.195000
0.104000
0.094000
0.113000
0.100000
0.094000
0.188000
0.111000
0.101000
0.109000
0.111000
0.081000
42.412000
0.089000
0.111000
0.092000
0.416000
0.100000
0.161000
0.115000
0.201000
0.203000
0.408000
0.099000
0.113000
0.180000
0.110000
0.104000
0.185000
0.211000
647.385000
0.107000
0.104000
0.189000
0.113000
0.088000
0.111000
0.096000
0.105000
0.093000
0.109000
0.088000
0.170000
0.089000
0.108000
0.049000
0.108000
0.086000
0.101000
0.098000
0.104000
0.105000
0.078000
0.121000
0.106000
0.088000
0.099000
0.097000
0.096000
0.105000
0.121000
0.069000
0.112000
0.098000
0.093000
0.109000
0.098000
180.704000
0.117000
0.082000
0.095000
0.099000
225.312000
0.108000
0.151000
0.048000
0.080000
