0.000000
0.111000
0.137000
0.053000
0.127000
0.104000
0.068000
0.103000
0.100000
0.109000
0.093000
0.107000
0.092000
0.099000
0.099000
0.102000
0.098000
0.109000
0.104000
0.103000
0.103000
0.096000
0.079000
0.112000
0.093000
0.096000
0.110000
0.102000
0.096000
0.093000
0.106000
0.097000
0.187000
0.108000
0.110000
226.890000
0.107000
0.103000
0.101000
0.186000
0.101000
0.121000
0.088000
0.194000
0.105000
0.114000
0.092000
0.168000
0.102000
0.081000
0.084000
0.093000
0.073000
0.089000
0.111000
0.100000
0.099000
0.184000
0.106000
0.106000
0.124000
0.069000
0.169000
0.081000
0.080000
0.089000
0.088000
0.096000
0.110000
0.094000
0.093000
0.107000
0.100000
0.109000
0.090000
0.093000
0.118000
0.091000
0.107000
0.190000
6.119000
0.078000
0.110000
0.117000
0.084000
0.105000
0.083000
0.110000
0.104000
0.382000
0.053000
0.073000
0.084000
0.104000
0.181000
0.109000
0.096000
0.108000
0.105000
0.098000
0.180000
0.114000
19.003000
0.099000
0.196000
0.103000
0.103000
0.112000
0.093000
0.103000
0.193000
0.129000
0.076000
0.183000
0.115000
0.113000
0.174000
0.167000
0.103000
0.122000
0.063000
0.059000
0.091000
0.110000
0.100000
0.196000
0.109000
0.177000
0.120000
195.945000
0.180000
0.092000
0.112000
0.136000
0.103000
381.541000
0.112000
0.088000
0.089000
0.098000
0.104000
0.108000
0.094000
0.098000
0.088000
0.107000
0.093000
0.124000
0.101000
0.111000
0.099000
0.078000
0.104000
0.097000
0.102000
0.104000
0.099000
0.140000
0.073000
0.089000
0.086000
0.101000
0.105000
0.119000
0.081000
0.102000
0.110000
0.086000
0.100000
0.094000
0.116000
0.100000
0.100000
0.093000
0.096000
0.100000
0.132000
0.089000
0.107000
0.062000
0.120000
0.105000
0.077000
0.108000
14.806000
0.099000
0.108000
0.095000
0.093000
0.114000
0.096000
0.111000
0.070000
0.107000
0.114000
0.087000
0.113000
0.100000
0.111000
0.089000
0.102000
0.088000
0.122000
0.082000
0.099000
0.098000
0.182000
0.112000
0.140000
0.073000
1206.292000
0.107000
0.091000
0.103000
0.303000
0.173000
0.052000
0.172000
0.099000
0.220000
0.097000
0.079000
0.108000
0.193000
0.103000
0.095000
0.097000
0.108000
0.199000
0.098000
0.125000
0.073000
0.110000
0.117000
0.312000
0.173000
0.094000
0.098000
0.105000
8.599000
0.089000
0.104000
0.197000
0.106000
0.107000
0.105000
0.092000
0.086000
0.223000
0.086000
0.110000
0.187000
0.193000
0.105000
0.100000
0.104000
0.095000
0.101000
0.100000
0.207000
0.098000
0.099000
0.098000
0.212000
0.107000
0.070000
0.117000
0.115000
0.179000
0.105000
0.108000
0.304000
0.091000
0.100000
0.100000
0.098000
0.149000
0.260000
0.089000
0.100000
0.095000
0.216000
0.087000
0.106000
0.090000
0.109000
0.201000
0.185000
0.094000
0.108000
0.206000
0.398000
0.103000
0.094000
0.095000
0.214000
0.090000
0.106000
0.112000
0.092000
0.108000
0.078000
0.109000
0.115000
535.190000
0.087000
0.107000
0.122000
0.278000
0.107000
0.098000
0.198000
0.108000
0.104000
0.109000
0.068000
0.109000
0.096000
0.106000
0.098000
0.198000
0.111000
0.106000
0.101000
0.089000
0.092000
0.109000
0.099000
0.099000
0.216000
69.385000
0.107000
0.090000
0.117000
1.104000
0.191000
0.077000
0.121000
0.094000
0.102000
0.101000
0.110000
0.092000
0.084000
0.105000
0.092000
581.904000
0.094000
0.106000
0.203000
0.107000
0.109000
0.109000
0.135000
0.051000
0.110000
0.383000
0.101000
0.187000
0.110000
0.109000
0.099000
0.101000
0.090000
0.196000
0.099000
652.207000
0.090000
0.106000
0.105000
0.106000
0.182000
0.103000
0.104000
0.104000
0.095000
0.095000
0.108000
0.108000
0.097000
0.096000
0.106000
0.109000
0.093000
0.085000
0.114000
0.085000
0.107000
0.093000
0.113000
0.193000
0.104000
0.107000
0.099000
0.100000
0.106000
0.102000
0.083000
0.105000
0.102000
0.096000
0.099000
0.102000
91.199000
0.097000
0.114000
0.079000
0.102000
0.109000
0.185000
0.108000
0.099000
0.102000
0.102000
0.196000
0.216000
0.089000
0.116000
0.090000
0.147000
0.054000
0.189000
0.124000
0.109000
0.101000
0.071000
0.102000
0.091000
0.107000
0.107000
0.102000
0.101000
0.086000
0.211000
0.098000
0.102000
0.079000
27.806000
0.102000
0.103000
0.099000
0.105000
0.104000
0.088000
0.196000
0.115000
0.095000
0.094000
0.095000
0.104000
0.106000
0.105000
0.097000
0.106000
0.090000
0.128000
0.065000
0.131000
0.101000
0.140000
0.049000
0.092000
0.133000
0.074000
0.109000
0.091000
0.094000
0.098000
0.096000
0.108000
0.097000
0.099000
0.099000
0.105000
0.139000
0.066000
0.118000
0.089000
0.082000
129.797000
0.104000
0.096000
0.097000
0.122000
0.073000
0.912000
0.098000
0.098000
0.102000
0.098000
0.101000
62.201000
0.112000
0.098000
0.387000
0.103000
0.102000
0.108000
0.194000
0.216000
0.092000
0.188000
0.122000
0.091000
0.095000
0.259000
0.084000
0.077000
0.070000
0.118000
0.492000
0.092000
0.096000
0.307000
0.102000
594.004000
0.101000
0.100000
0.103000
0.286000
0.106000
0.106000
0.105000
0.181000
0.111000
0.094000
0.094000
0.109000
0.196000
0.108000
0.116000
0.068000
0.108000
0.103000
0.110000
0.090000
0.191000
0.101000
0.112000
0.100000
0.084000
0.108000
0.110000
0.203000
0.094000
0.097000
0.099000
0.108000
0.101000
0.187000
0.104000
0.107000
0.115000
0.085000
0.097000
0.101000
0.102000
0.102000
226.594000
0.093000
0.108000
0.094000
0.414000
0.084000
0.609000
0.106000
0.092000
0.497000
0.115000
0.113000
0.078000
0.109000
333.881000
0.105000
0.106000
0.220000
0.076000
0.102000
0.119000
0.283000
0.097000
0.103000
0.095000
0.096000
0.105000
0.311000
0.106000
0.086000
0.097000
0.299000
0.100000
0.109000
0.090000
0.099000
0.095000
0.115000
40.098000
0.104000
0.100000
0.090000
0.250000
0.179000
0.087000
0.313000
0.088000
0.078000
0.108000
0.299000
0.104000
0.121000
0.376000
0.096000
0.101000
0.097000
0.218000
0.093000
0.109000
0.092000
0.085000
0.209000
0.092000
0.112000
0.102000
0.081000
0.101000
10.125000
0.104000
0.092000
0.074000
0.115000
0.215000
0.078000
0.107000
0.108000
0.103000
0.280000
0.123000
0.095000
0.183000
0.097000
0.113000
0.102000
0.298000
0.087000
0.106000
0.094000
0.229000
0.099000
0.089000
0.092000
0.195000
0.100000
0.108000
0.096000
0.116000
0.099000
0.102000
0.188000
0.108000
0.096000
0.095000
0.200000
0.204000
0.100000
0.100000
0.096000
0.098000
0.104000
0.083000
0.122000
0.123000
0.083000
57.993000
0.111000
0.092000
0.087000
0.109000
0.094000
0.209000
0.084000
0.135000
0.100000
0.270000
0.104000
0.102000
0.100000
0.101000
0.098000
0.097000
0.295000
0.113000
0.101000
0.109000
0.096000
0.109000
0.137000
0.065000
0.076000
0.111000
8.817000
0.100000
0.083000
0.108000
0.279000
0.100000
0.087000
0.313000
0.113000
0.133000
0.067000
0.309000
0.077000
0.127000
0.116000
0.251000
0.111000
0.100000
0.091000
0.107000
245.829000
0.066000
0.109000
0.104000
0.100000
42.585000
0.103000
0.099000
0.106000
0.251000
0.064000
0.092000
0.108000
0.193000
0.080000
0.114000
0.200000
0.104000
0.096000
0.092000
0.092000
0.110000
0.210000
0.093000
0.104000
0.106000
0.081000
0.103000
0.100000
0.095000
0.097000
0.098000
0.114000
0.097000
0.100000
75.905000
0.098000
0.107000
0.125000
0.060000
0.139000
0.083000
0.100000
0.174000
0.101000
0.126000
0.092000
0.111000
0.092000
0.195000
0.095000
0.097000
0.200000
0.105000
0.096000
0.117000
0.201000
0.087000
0.112000
0.190000
0.103000
0.104000
0.099000
0.081000
0.175000
0.158000
0.104000
0.059000
0.139000
0.093000
0.193000
0.497000
93.389000
0.099000
0.100000
0.393000
0.101000
0.106000
0.084000
0.122000
0.102000
0.197000
0.110000
0.127000
0.063000
0.092000
0.101000
0.194000
0.306000
0.100000
0.106000
0.104000
0.096000
0.107000
0.092000
0.095000
0.320000
0.138000
0.052000
0.098000
0.100000
0.092000
0.204000
0.098000
0.103000
0.345000
0.055000
0.098000
0.097000
72.909000
0.100000
0.139000
0.354000
0.100000
0.293000
0.110000
0.215000
0.093000
0.221000
0.079000
0.122000
0.067000
0.213000
0.093000
0.093000
0.201000
0.212000
537.173000
0.097000
0.104000
0.104000
0.330000
0.083000
0.092000
0.293000
0.210000
0.297000
0.103000
0.105000
0.096000
0.198000
0.092000
0.103000
0.104000
0.203000
0.102000
0.091000
317.517000
0.116000
0.087000
0.101000
0.186000
0.207000
0.287000
0.096000
0.121000
0.303000
0.096000
0.087000
0.295000
0.219000
0.094000
0.305000
0.092000
0.095000
0.103000
0.188000
0.138000
0.140000
0.248000
0.074000
0.110000
0.302000
0.091000
0.100000
0.100000
0.208000
0.110000
0.098000
0.099000
0.187000
43.260000
0.068000
0.097000
0.572000
0.111000
0.464000
0.170000
0.257000
0.103000
0.305000
0.099000
0.096000
0.098000
0.206000
0.307000
0.083000
0.810000
0.093000
0.106000
9.502000
0.100000
0.090000
0.101000
0.105000
0.116000
0.186000
0.099000
0.104000
0.095000
0.106000
0.091000
0.319000
0.093000
0.102000
0.104000
0.095000
0.152000
0.071000
0.091000
0.084000
0.107000
0.105000
0.082000
0.100000
0.103000
0.094000
563.302000
0.097000
0.101000
0.103000
0.103000
0.094000
0.199000
0.119000
0.098000
0.094000
0.096000
0.111000
0.103000
0.091000
0.201000
0.111000
0.085000
0.101000
0.105000
0.092000
0.095000
0.206000
0.104000
0.089000
0.111000
0.092000
0.100000
0.117000
0.093000
56.930000
0.063000
0.097000
0.102000
0.099000
0.097000
0.108000
0.190000
0.099000
0.113000
0.100000
0.097000
0.101000
0.231000
0.072000
0.097000
0.096000
0.117000
0.740000
0.163000
3.079000
119.519000
0.092000
0.099000
0.100000
0.186000
0.209000
0.162000
0.063000
0.194000
0.266000
0.113000
0.091000
0.107000
0.207000
0.199000
0.103000
0.094000
0.107000
0.083000
0.107000
0.106000
0.395000
0.117000
0.182000
0.420000
8735.084000
0.118000
0.142000
0.060000
0.079000
0.117000
0.101000
27.191000
0.088000
0.118000
0.082000
0.112000
0.100000
0.106000
0.191000
0.097000
0.099000
0.100000
0.105000
0.086000
0.212000
0.099000
0.101000
0.093000
0.363000
0.067000
0.086000
0.098000
0.102000
0.111000
0.085000
0.098000
0.096000
0.097000
0.106000
0.106000
27.819000
0.123000
0.098000
0.059000
0.173000
0.130000
0.108000
0.082000
0.227000
0.188000
0.087000
0.085000
0.115000
0.090000
0.108000
0.109000
0.096000
0.097000
0.106000
0.090000
0.148000
0.078000
0.097000
0.089000
0.102000
0.091000
60.147000
0.049000
0.110000
0.094000
0.108000
0.081000
0.114000
0.091000
0.130000
0.077000
0.103000
0.120000
0.074000
0.116000
0.090000
0.725000
19.557000
0.149000
1.362000
0.227000
2.609000
32.687000
0.137000
0.072000
0.197000
0.224000
0.507000
0.057000
0.270000
0.069000
0.183000
0.056000
0.127000
0.099000
0.125000
0.116000
0.157000
0.095000
0.052000
376.124000
0.103000
0.093000
0.109000
0.117000
0.188000
0.209000
0.096000
0.126000
0.069000
0.108000
0.106000
0.080000
0.107000
0.092000
0.201000
0.101000
0.102000
0.100000
0.104000
0.107000
0.094000
0.094000
0.106000
0.110000
8.383000
0.095000
0.120000
0.164000
0.079000
0.206000
0.179000
0.071000
0.183000
0.121000
0.104000
0.098000
0.075000
0.113000
0.101000
0.129000
0.076000
0.104000
0.090000
0.102000
0.083000
0.107000
0.100000
0.106000
0.108000
0.087000
0.097000
0.116000
0.083000
0.116000
0.093000
0.115000
0.094000
0.103000
0.153000
0.062000
0.079000
0.087000
33.108000
0.102000
0.108000
0.077000
0.118000
0.097000
0.093000
0.105000
0.093000
0.092000
0.322000
0.083000
0.156000
0.075000
0.084000
0.275000
0.129000
0.093000
0.118000
0.076000
0.304000
0.092000
0.096000
0.118000
0.098000
0.102000
0.095000
0.102000
0.088000
0.108000
0.097000
0.113000
0.099000
0.083000
0.116000
0.104000
0.099000
0.084000
0.100000
0.093000
0.108000
0.100000
0.106000
0.087000
0.111000
22.391000
0.104000
0.099000
0.103000
0.193000
0.215000
0.096000
0.077000
0.418000
0.087000
0.121000
0.103000
0.181000
0.109000
0.104000
0.092000
0.096000
0.206000
0.092000
0.204000
0.103000
0.102000
113.393000
0.111000
0.089000
0.096000
16.530000
0.101000
0.074000
0.100000
0.198000
0.304000
0.306000
0.098000
0.194000
0.100000
0.109000
0.105000
0.096000
0.312000
0.094000
0.105000
0.079000
0.097000
0.100000
0.109000
0.101000
0.210000
27.693000
0.107000
0.086000
0.098000
0.097000
0.210000
0.098000
0.092000
0.108000
0.194000
0.211000
0.109000
0.403000
0.086000
0.105000
0.102000
0.187000
0.308000
0.104000
0.090000
0.115000
0.085000
0.096000
0.109000
231.193000
0.106000
0.105000
50.000000
0.112000
0.084000
0.098000
0.113000
0.088000
0.112000
0.098000
0.118000
0.092000
0.077000
0.108000
0.492000
0.104000
0.102000
0.090000
0.113000
0.095000
0.100000
0.106000
1.809000
0.087000
0.105000
0.097000
0.195000
0.118000
0.109000
0.174000
0.112000
0.086000
0.291000
0.107000
0.112000
0.123000
0.075000
0.088000
0.315000
0.124000
0.100000
0.159000
0.405000
0.105000
0.109000
0.102000
0.183000
0.294000
0.114000
0.105000
0.402000
0.090000
0.113000
0.084000
0.294000
0.102000
0.111000
0.103000
235.781000
0.105000
0.118000
0.290000
0.198000
0.094000
0.107000
0.208000
0.384000
0.102000
0.099000
0.397000
0.101000
0.103000
0.102000
0.110000
0.093000
0.192000
0.120000
0.097000
0.189000
391.289000
0.109000
0.105000
0.088000
0.101000
0.190000
0.113000
0.185000
0.107000
0.102000
0.211000
0.096000
0.196000
0.192000
0.195000
0.125000
0.175000
0.100000
0.112000
0.112000
0.092000
0.087000
0.120000
0.093000
0.100000
110.374000
0.049000
0.097000
0.087000
0.085000
0.095000
0.110000
12.796000
0.097000
0.098000
0.103000
0.566000
0.069000
0.087000
0.184000
0.108000
0.085000
0.205000
0.097000
0.100000
0.201000
0.111000
0.083000
0.106000
0.101000
0.103000
0.145000
0.059000
0.093000
0.098000
0.198000
0.099000
0.108000
0.188000
0.109000
0.098000
0.103000
0.099000
0.101000
0.099000
0.102000
0.095000
0.104000
0.109000
34.094000
0.193000
0.100000
0.100000
0.103000
0.091000
0.118000
0.097000
0.096000
0.103000
0.094000
0.196000
0.110000
0.094000
0.118000
0.190000
0.114000
0.093000
0.080000
0.126000
0.084000
0.090000
0.108000
0.096000
0.101000
0.098000
0.104000
0.104000
0.100000
0.171000
9.828000
0.105000
0.092000
0.092000
0.110000
0.206000
0.200000
0.103000
0.183000
0.210000
0.099000
0.100000
0.110000
0.314000
0.092000
0.083000
0.112000
0.084000
71.696000
0.195000
0.050000
0.178000
0.280000
0.095000
0.105000
0.114000
0.196000
0.195000
0.097000
0.102000
0.098000
0.103000
0.098000
0.312000
0.085000
0.097000
0.112000
0.093000
0.116000
0.273000
0.129000
0.098000
46.187000
0.094000
0.095000
0.209000
0.193000
0.109000
0.167000
0.060000
125.086000
0.113000
0.078000
0.114000
0.092000
0.094000
0.105000
0.302000
0.089000
0.146000
0.097000
0.074000
0.397000
0.110000
0.085000
0.106000
0.382000
0.211000
0.101000
0.295000
0.111000
0.087000
0.101000
0.106000
0.107000
0.113000
0.088000
0.128000
0.064000
0.202000
0.186000
116.307000
0.093000
0.114000
0.099000
0.090000
0.112000
0.086000
0.097000
0.104000
0.708000
0.103000
0.102000
0.092000
0.100000
0.108000
0.085000
0.121000
25.618000
0.083000
0.115000
0.070000
0.201000
0.191000
0.212000
0.464000
0.109000
0.051000
0.248000
22.816000
0.098000
0.119000
0.407000
0.101000
0.084000
0.214000
0.075000
0.099000
0.415000
0.095000
0.157000
0.266000
0.089000
0.179000
0.098000
0.103000
0.112000
0.096000
0.101000
132.098000
0.105000
0.097000
0.110000
0.097000
0.090000
0.099000
0.192000
0.126000
0.305000
0.186000
0.104000
0.085000
0.118000
0.201000
0.077000
0.112000
20.096000
0.090000
0.106000
0.513000
0.096000
0.482000
0.319000
0.100000
0.104000
0.088000
0.308000
0.106000
0.078000
0.118000
0.111000
0.087000
0.095000
0.106000
0.091000
0.123000
0.075000
0.190000
0.136000
0.185000
0.095000
0.076000
0.230000
0.083000
0.318000
23.195000
0.098000
0.097000
0.097000
0.111000
0.295000
0.096000
0.106000
0.291000
0.097000
0.103000
0.209000
0.103000
0.204000
0.102000
0.094000
0.099000
0.098000
721.396000
0.109000
0.091000
0.095000
0.109000
0.106000
0.099000
0.074000
0.113000
0.097000
0.095000
0.103000
0.102000
0.104000
0.091000
0.218000
0.089000
0.104000
0.115000
0.106000
0.118000
0.063000
0.090000
0.105000
0.096000
0.109000
0.107000
0.082000
0.101000
0.102000
0.107000
0.105000
0.095000
0.097000
0.104000
0.092000
0.110000
0.094000
0.089000
0.111000
0.092000
0.200000
0.112000
366.306000
0.107000
0.091000
0.091000
0.122000
0.199000
0.082000
0.096000
0.095000
0.254000
0.057000
0.100000
0.107000
0.185000
0.099000
0.199000
0.103000
0.111000
0.102000
0.092000
0.293000
0.101000
0.113000
0.094000
0.100000
0.194000
0.111000
3.608000
0.105000
0.089000
0.090000
0.104000
0.297000
0.100000
0.109000
0.104000
0.104000
0.096000
0.210000
0.080000
0.294000
0.173000
0.144000
0.108000
0.076000
0.310000
0.135000
0.121000
0.209000
0.066000
0.072000
0.198000
0.099000
0.096000
0.094000
127.305000
0.105000
0.084000
0.318000
0.096000
0.204000
0.097000
0.096000
0.122000
0.282000
0.112000
0.093000
0.177000
0.107000
0.113000
0.114000
0.171000
0.110000
0.097000
46.119000
0.141000
0.081000
0.178000
0.086000
0.104000
0.301000
0.108000
0.092000
0.103000
0.148000
0.259000
0.111000
0.075000
0.094000
0.111000
0.098000
0.092000
0.319000
0.079000
0.114000
0.101000
0.100000
0.105000
0.198000
5.796000
0.095000
0.106000
0.095000
0.098000
0.105000
0.203000
0.093000
0.107000
0.098000
0.094000
0.111000
0.105000
0.081000
0.090000
0.118000
0.109000
0.099000
0.082000
0.106000
0.107000
0.103000
0.085000
0.103000
0.106000
0.089000
0.112000
0.104000
20.315000
0.072000
0.120000
0.069000
0.131000
0.081000
0.119000
0.077000
0.118000
0.104000
0.074000
0.130000
0.075000
0.094000
0.106000
782.808000
0.100000
0.097000
0.103000
0.106000
0.108000
0.175000
0.112000
0.097000
0.092000
0.113000
0.110000
0.070000
0.102000
0.116000
0.095000
0.095000
0.116000
0.082000
0.215000
23.492000
0.098000
0.106000
0.080000
0.176000
0.163000
0.078000
0.084000
0.115000
0.186000
0.107000
0.203000
0.201000
0.111000
0.079000
0.112000
0.105000
0.088000
0.100000
0.214000
0.088000
0.103000
0.103000
0.208000
0.103000
0.089000
0.122000
0.080000
0.102000
0.087000
0.123000
53.671000
0.130000
0.080000
0.112000
0.086000
0.093000
0.105000
0.096000
0.208000
0.192000
0.097000
0.114000
0.095000
0.106000
0.299000
0.189000
0.128000
0.082000
0.125000
0.079000
0.149000
0.083000
0.086000
0.112000
0.073000
0.099000
0.096000
0.111000
0.088000
0.101000
0.085000
0.113000
0.199000
0.095000
0.097000
0.103000
0.104000
0.119000
0.077000
190.799000
0.109000
129.405000
0.092000
0.114000
0.077000
0.412000
0.104000
0.136000
0.086000
0.087000
0.103000
0.086000
0.089000
0.103000
0.199000
0.219000
0.203000
0.121000
0.066000
0.100000
0.106000
0.192000
0.108000
0.187000
40.445000
0.067000
0.098000
0.492000
0.095000
0.148000
0.050000
0.110000
0.099000
0.408000
0.096000
0.103000
0.190000
0.109000
0.116000
0.291000
233.600000
0.097000
0.100000
0.494000
0.102000
0.116000
0.279000
0.105000
0.098000
0.408000
0.099000
0.090000
0.286000
0.122000
0.100000
0.095000
0.110000
0.107000
0.125000
0.260000
0.103000
0.107000
0.181000
0.105000
0.099000
195.790000
0.214000
0.086000
0.201000
0.216000
0.513000
0.072000
0.103000
0.115000
0.280000
0.108000
0.093000
0.107000
0.089000
0.114000
0.104000
0.204000
0.191000
0.086000
0.115000
28.300000
0.108000
0.102000
0.101000
0.095000
0.093000
0.199000
0.302000
0.098000
0.093000
0.109000
0.102000
0.249000
0.149000
0.212000
0.208000
0.097000
0.089000
0.097000
0.195000
0.098000
0.097000
0.111000
0.101000
0.096000
0.103000
0.291000
0.112000
0.113000
0.142000
0.142000
0.099000
508.607000
0.075000
0.108000
0.116000
0.081000
0.110000
0.089000
0.111000
0.106000
0.098000
0.138000
0.086000
0.079000
0.100000
0.113000
0.091000
0.110000
0.078000
0.121000
0.091000
0.105000
0.084000
638.414000
0.104000
0.104000
0.193000
0.109000
0.083000
0.416000
0.094000
0.092000
0.097000
0.115000
0.093000
0.090000
0.325000
0.075000
0.112000
0.077000
0.219000
45.994000
0.118000
0.066000
0.105000
0.104000
0.113000
0.323000
0.112000
0.288000
0.493000
1.597000
0.466000
0.110000
0.189000
0.317000
0.284000
0.501000
0.122000
0.084000
0.091000
1681.298000
0.132000
0.077000
0.113000
0.112000
0.085000
0.068000
0.124000
0.699000
0.100000
0.086000
0.113000
0.099000
0.100000
0.109000
270.495000
0.092000
0.098000
0.100000
0.102000
0.148000
0.157000
0.116000
0.089000
0.299000
0.095000
0.091000
0.108000
0.201000
0.211000
0.093000
62.711000
0.104000
0.083000
0.098000
0.096000
0.110000
0.085000
0.114000
0.099000
0.111000
0.092000
0.208000
0.092000
0.111000
0.090000
0.103000
0.082000
0.213000
0.097000
0.093000
0.097000
0.102000
0.101000
0.102000
0.150000
0.059000
128.200000
0.102000
0.092000
44.112000
0.112000
0.098000
0.095000
0.101000
0.115000
0.180000
0.098000
0.210000
0.096000
0.101000
0.088000
0.105000
0.111000
0.113000
0.074000
0.101000
0.113000
253.280000
0.089000
0.111000
0.179000
0.117000
0.085000
0.114000
0.102000
0.118000
0.091000
0.191000
0.103000
0.099000
0.186000
0.114000
0.094000
0.094000
0.112000
93.811000
0.078000
0.109000
0.216000
0.192000
0.102000
0.094000
0.107000
0.296000
0.085000
0.104000
0.408000
0.092000
0.111000
0.092000
0.099000
0.094000
0.099000
145.608000
0.099000
0.113000
0.294000
0.192000
0.799000
0.095000
0.106000
0.106000
2088.113000
0.096000
0.107000
0.090000
0.087000
0.307000
0.102000
0.107000
0.078000
36.620000
0.109000
0.101000
0.413000
0.103000
0.067000
0.449000
0.080000
0.074000
0.430000
0.083000
0.412000
0.114000
0.073000
0.204000
0.086000
0.100000
0.107000
0.200000
0.111000
0.095000
0.110000
0.087000
356.396000
0.078000
0.111000
0.303000
0.098000
0.203000
0.105000
0.119000
0.086000
0.176000
0.116000
0.111000
0.086000
0.098000
0.123000
483.782000
0.112000
0.131000
0.154000
0.124000
0.073000
0.105000
0.122000
0.101000
0.090000
0.091000
0.293000
0.104000
0.100000
0.095000
0.278000
0.062000
0.060000
0.112000
0.099000
0.103000
0.093000
0.121000
892.073000
0.088000
0.125000
0.285000
0.098000
0.296000
0.104000
0.098000
0.112000
0.293000
0.398000
0.103000
0.398000
0.093000
