34
59
94
122
155
201
221
236
266
290
320
349
351
424
448
476
498
517
532
560
564
574
597
623
639
663
681
701
740
777
794
819
828
834
849
855
858
877
897
904
923
929
938
948
959
961
962
987
1005
1026
1045
1058
1084
1109
1131
1164
1168
1191
1196
1201
1223
1262
1283
1289
1296
1316
1357
1383
1405
1474
1526
1532
1543
1562
1593
1614
1642
1646
1655
1694
1700
1740
1771
1807
1817
1825
1849
1873
1902
1927
1955
1977
2025
2028
2049
2092
2110
2125
2139
2155
2158
2172
2190
2204
2223
2243
2272
2296
2312
2328
2348
2358
2376
2378
2391
2412
2457
2482
2494
2497
2500
2511
2521
2524
2536
2540
2559
2572
2576
2577
2588
2591
2599
2606
2609
2615
2629
2631
2632
2644
2648
2652
2662
2683
2686
2692
2696
2699
2717
2724
2729
2730
2731
2744
2758
2779
2810
2827
2834
2842
2859
2866
2932
2937
2943
2970
3012
3013
3030
3048
3070
3081
3093
3115
3118
3120
3130
3158
