0.000000
0.100000
0.102000
0.100000
0.159000
0.051000
0.084000
0.098000
0.107000
0.103000
0.253000
0.126000
0.080000
0.114000
0.063000
0.065000
0.167000
0.105000
0.060000
0.058000
0.110000
0.181000
0.098000
0.108000
0.099000
0.108000
0.190000
0.109000
0.193000
0.106000
0.197000
0.193000
0.100000
0.112000
14.105000
0.097000
0.119000
0.144000
0.070000
0.155000
0.108000
0.117000
0.073000
0.119000
0.097000
0.110000
0.089000
0.094000
0.195000
0.109000
0.166000
0.059000
0.085000
0.110000
0.098000
0.103000
0.095000
0.082000
0.098000
7.402000
0.114000
0.098000
0.106000
0.090000
0.080000
0.118000
0.188000
0.108000
0.191000
0.109000
0.100000
0.191000
0.125000
0.089000
0.098000
0.097000
0.103000
0.107000
0.093000
0.092000
0.106000
0.099000
0.191000
0.098000
0.099000
0.103000
0.104000
0.098000
0.108000
0.191000
0.095000
0.100000
0.107000
0.103000
82.495000
0.111000
0.117000
0.179000
0.110000
0.084000
0.128000
0.171000
0.199000
0.110000
0.161000
0.056000
0.103000
0.075000
0.118000
0.085000
0.101000
0.104000
0.088000
0.104000
0.112000
0.087000
0.110000
0.100000
0.190000
0.150000
0.088000
0.068000
31.754000
0.089000
0.055000
0.122000
0.066000
0.191000
0.084000
0.051000
0.096000
0.094000
0.099000
0.103000
0.102000
0.098000
0.181000
0.110000
0.187000
0.100000
0.112000
0.103000
0.104000
0.088000
0.108000
0.099000
0.103000
0.186000
0.110000
0.107000
0.103000
0.094000
0.195000
0.110000
0.103000
29.481000
0.105000
0.087000
0.107000
0.108000
0.098000
0.103000
0.100000
0.102000
0.093000
0.109000
0.096000
0.103000
0.103000
0.098000
0.099000
0.120000
0.078000
0.100000
0.104000
0.169000
0.051000
0.088000
0.118000
0.069000
0.108000
0.103000
0.088000
0.101000
0.196000
0.096000
0.113000
0.103000
0.186000
0.100000
0.102000
0.092000
0.100000
0.100000
0.103000
0.101000
0.102000
0.103000
0.096000
0.096000
0.111000
31.201000
0.099000
0.189000
0.116000
0.098000
0.172000
0.049000
0.093000
0.094000
0.176000
0.052000
0.094000
0.168000
0.113000
0.187000
0.114000
0.090000
0.098000
0.189000
0.099000
30.007000
0.116000
0.091000
0.285000
0.109000
0.107000
0.189000
0.101000
0.110000
0.111000
0.069000
0.130000
0.098000
0.077000
0.113000
68.798000
0.190000
0.110000
0.355000
0.099000
0.051000
0.093000
0.104000
0.102000
0.100000
0.103000
0.096000
0.103000
0.097000
0.105000
0.089000
0.105000
0.098000
0.102000
0.097000
0.098000
0.126000
0.070000
0.116000
0.090000
0.187000
0.125000
0.102000
0.084000
0.106000
43.016000
0.074000
0.105000
0.099000
0.290000
0.107000
0.094000
0.113000
0.098000
0.120000
0.161000
0.106000
0.100000
0.301000
0.106000
0.208000
0.096000
0.106000
0.098000
0.285000
0.127000
0.092000
0.196000
0.104000
28.011000
0.085000
0.093000
0.117000
0.108000
0.080000
0.189000
0.122000
0.096000
0.092000
0.201000
0.138000
0.069000
0.182000
0.103000
0.110000
0.188000
0.101000
0.199000
0.103000
0.095000
0.094000
0.118000
0.141000
0.083000
0.096000
0.164000
0.113000
0.196000
0.221000
6.247000
0.073000
0.158000
0.118000
0.174000
0.102000
0.104000
0.107000
0.190000
0.115000
0.099000
0.109000
0.183000
0.109000
0.193000
0.110000
0.186000
0.202000
0.110000
0.176000
0.122000
0.098000
0.101000
0.106000
0.095000
0.100000
0.099000
0.193000
0.101000
13.602000
0.196000
27.813000
0.097000
0.093000
0.103000
0.097000
0.198000
0.103000
0.093000
0.213000
0.156000
0.092000
0.135000
0.112000
0.104000
0.099000
0.101000
0.100000
0.326000
0.085000
0.171000
0.114000
0.091000
0.108000
0.108000
0.113000
0.107000
0.177000
0.184000
0.068000
0.065000
0.086000
0.094000
0.208000
0.129000
0.260000
0.110000
0.184000
0.199000
0.101000
0.127000
0.284000
0.195000
0.108000
0.090000
0.110000
0.101000
0.176000
0.198000
0.092000
0.088000
0.052000
0.109000
0.169000
0.101000
0.098000
0.096000
0.094000
0.212000
0.102000
0.098000
0.103000
0.101000
0.104000
0.093000
0.199000
0.094000
0.114000
0.105000
0.095000
0.105000
0.184000
0.096000
0.098000
1.614000
0.190000
0.104000
0.100000
0.102000
0.096000
0.103000
0.098000
0.098000
0.118000
0.101000
0.098000
0.150000
0.238000
0.108000
0.099000
0.102000
0.102000
0.181000
0.260000
0.051000
0.130000
0.090000
0.126000
8.163000
0.096000
0.110000
0.095000
0.098000
0.103000
0.097000
0.098000
0.112000
0.132000
0.245000
0.072000
0.099000
0.052000
0.281000
0.097000
0.206000
0.103000
0.101000
0.189000
0.208000
0.098000
0.099000
0.199000
0.101000
0.099000
0.304000
0.095000
16.417000
0.101000
0.088000
0.102000
0.099000
0.106000
0.096000
0.195000
0.111000
0.097000
0.108000
0.098000
0.097000
0.098000
0.097000
0.112000
0.187000
0.095000
0.105000
0.104000
0.097000
0.095000
4.997000
0.077000
0.062000
0.074000
0.186000
0.128000
0.166000
0.127000
0.089000
0.101000
0.187000
0.097000
0.104000
0.105000
0.103000
0.099000
0.307000
0.192000
0.107000
8.091000
0.096000
0.110000
0.102000
0.100000
0.183000
0.099000
0.115000
0.186000
0.113000
0.119000
0.167000
0.111000
0.112000
0.083000
5.200000
0.094000
0.112000
0.189000
0.102000
0.101000
0.155000
0.086000
0.082000
0.091000
0.219000
0.172000
0.109000
0.100000
0.192000
0.100000
0.188000
0.109000
0.095000
0.121000
0.102000
0.102000
0.116000
0.110000
0.258000
0.102000
0.098000
0.105000
83.795000
0.100000
0.114000
0.085000
0.490000
0.099000
0.113000
0.100000
0.102000
0.105000
0.097000
0.109000
0.176000
0.208000
4.304000
0.103000
0.099000
0.107000
0.096000
0.102000
0.300000
0.185000
0.106000
0.294000
0.102000
0.100000
0.104000
0.394000
0.103000
0.113000
0.092000
0.399000
0.099000
0.294000
0.097000
0.104000
0.202000
1.218000
0.109000
0.178000
0.211000
0.099000
0.095000
0.200000
0.102000
0.181000
0.212000
0.180000
0.219000
0.193000
0.102000
0.106000
0.187000
0.103000
0.098000
0.101000
0.103000
0.144000
0.327000
0.136000
0.060000
0.076000
0.359000
99.092000
0.114000
0.117000
0.177000
0.119000
0.102000
0.083000
0.207000
0.099000
0.098000
0.107000
0.285000
0.115000
0.169000
0.112000
0.101000
32.402000
0.104000
0.096000
0.095000
0.106000
0.098000
0.104000
0.102000
0.205000
0.095000
0.107000
0.193000
0.119000
0.131000
0.221000
0.069000
0.083000
0.082000
0.116000
0.089000
0.102000
0.122000
0.078000
0.088000
15.604000
0.099000
0.100000
0.198000
0.189000
0.106000
0.100000
0.099000
0.117000
0.086000
0.113000
0.097000
0.145000
0.060000
0.080000
0.117000
0.177000
0.106000
0.600000
0.099000
0.110000
0.103000
0.100000
0.097000
0.107000
0.087000
0.111000
0.202000
0.096000
0.196000
0.102000
0.095000
0.115000
0.102000
0.162000
0.079000
0.145000
0.195000
3.910000
0.104000
0.180000
0.106000
0.112000
0.095000
0.117000
0.149000
0.089000
0.081000
0.062000
0.110000
0.091000
0.187000
0.126000
0.103000
0.089000
0.101000
0.092000
0.106000
0.101000
0.102000
0.091000
0.100000
0.107000
0.113000
0.094000
0.203000
0.080000
0.112000
0.096000
0.098000
0.095000
0.107000
0.190000
0.104000
0.093000
0.112000
0.193000
131.710000
0.113000
0.110000
0.083000
0.091000
0.101000
0.108000
0.095000
0.201000
0.110000
0.089000
0.110000
0.186000
0.107000
0.091000
0.123000
0.191000
0.098000
0.100000
0.282000
0.108000
0.109000
0.093000
0.109000
0.191000
0.104000
0.095000
0.109000
0.094000
0.194000
0.100000
0.102000
0.103000
0.106000
0.088000
0.125000
0.097000
90.382000
0.194000
0.188000
0.123000
0.080000
0.099000
0.099000
0.108000
0.194000
0.100000
0.101000
0.112000
0.098000
0.103000
0.299000
0.110000
0.094000
0.589000
0.100000
0.118000
0.206000
0.091000
0.099000
0.101000
0.204000
0.100000
0.145000
0.074000
0.176000
0.098000
0.110000
0.181000
0.108000
0.108000
0.095000
0.105000
0.101000
0.102000
0.077000
0.110000
0.099000
0.103000
54.932000
0.074000
0.097000
0.100000
0.094000
0.105000
0.206000
0.101000
0.095000
0.403000
0.099000
0.096000
0.296000
0.101000
0.116000
11.896000
0.100000
0.127000
0.081000
0.086000
0.193000
0.102000
0.097000
0.206000
0.108000
0.101000
0.090000
0.234000
0.287000
0.174000
29.099000
0.106000
0.098000
0.105000
0.203000
0.095000
0.496000
0.102000
0.106000
0.551000
0.084000
0.070000
0.087000
0.301000
0.095000
0.305000
0.105000
0.101000
0.394000
0.101000
0.096000
0.105000
0.089000
0.109000
0.210000
0.144000
0.048000
0.112000
5.891000
0.111000
0.108000
0.101000
0.092000
0.144000
0.324000
0.128000
0.098000
0.110000
0.185000
0.112000
0.101000
0.297000
0.080000
0.102000
0.207000
0.102000
0.294000
0.198000
0.410000
0.101000
0.088000
0.321000
0.092000
0.184000
0.121000
0.401000
0.083000
0.116000
0.282000
0.100000
0.097000
0.206000
0.107000
0.184000
0.395000
0.106000
0.104000
0.200000
0.108000
0.301000
0.102000
0.099000
0.300000
0.198000
0.406000
0.093000
0.187000
0.107000
0.189000
0.103000
53.829000
0.074000
0.108000
0.180000
0.111000
0.104000
0.107000
0.286000
0.105000
0.492000
0.122000
0.378000
0.213000
0.100000
0.102000
0.193000
0.123000
0.078000
0.103000
60.387000
0.106000
0.102000
0.132000
0.078000
0.097000
0.191000
0.398000
0.198000
0.310000
0.100000
0.492000
0.112000
13.508000
55.798000
0.101000
0.184000
0.294000
0.109000
0.108000
0.196000
0.225000
0.188000
0.106000
0.124000
0.143000
0.100000
0.106000
0.189000
0.123000
0.183000
0.102000
0.107000
0.103000
0.095000
0.194000
0.116000
0.102000
0.099000
7.791000
0.103000
0.097000
0.352000
0.105000
0.100000
0.080000
0.272000
0.095000
0.195000
0.195000
0.098000
0.108000
0.109000
0.147000
0.049000
0.120000
0.105000
10.582000
0.126000
0.068000
0.112000
0.089000
0.282000
0.076000
0.246000
0.091000
0.100000
0.195000
0.104000
0.101000
0.204000
0.102000
0.113000
0.081000
0.291000
0.194000
0.112000
0.095000
110.700000
0.099000
0.103000
0.101000
0.105000
0.191000
0.103000
0.114000
0.184000
0.107000
0.101000
0.103000
0.259000
0.137000
0.201000
0.194000
0.114000
0.109000
0.184000
171.906000
0.091000
0.100000
0.100000
0.388000
0.110000
0.118000
0.277000
0.101000
0.106000
0.108000
0.189000
0.100000
566.018000
0.097000
0.103000
0.108000
0.096000
0.087000
0.100000
0.102000
0.088000
0.113000
0.103000
0.089000
0.112000
0.097000
0.099000
0.191000
0.111000
0.098000
0.102000
0.100000
0.111000
0.218000
0.065000
0.102000
0.086000
0.119000
8.492000
0.112000
0.101000
0.191000
0.092000
0.116000
0.138000
0.237000
0.115000
0.098000
0.104000
0.346000
0.091000
0.152000
0.100000
0.112000
0.096000
0.092000
0.102000
0.215000
0.080000
0.109000
0.103000
0.107000
0.106000
248.796000
0.095000
0.119000
0.095000
0.130000
0.181000
0.070000
0.093000
0.111000
0.303000
0.115000
0.074000
0.105000
0.197000
0.099000
0.318000
0.103000
0.097000
0.392000
0.095000
0.094000
0.100000
43.857000
0.065000
0.083000
0.098000
0.241000
0.084000
0.075000
0.110000
0.099000
0.093000
0.308000
0.103000
0.097000
0.118000
0.177000
0.104000
0.107000
0.157000
0.287000
0.080000
0.085000
0.092000
0.191000
0.191000
0.123000
0.088000
0.106000
0.092000
0.189000
0.112000
0.099000
0.082000
0.112000
28.505000
0.106000
0.133000
0.080000
13.683000
0.105000
0.103000
0.099000
0.183000
0.111000
0.101000
0.293000
0.105000
0.102000
0.192000
0.097000
0.097000
0.106000
0.100000
0.097000
0.202000
0.094000
0.103000
0.098000
0.224000
0.128000
0.061000
155.592000
0.109000
0.083000
0.107000
0.105000
1.490000
0.124000
0.106000
0.098000
0.075000
56.215000
0.100000
0.084000
0.110000
0.088000
0.200000
0.099000
0.112000
0.117000
0.078000
0.104000
0.108000
0.092000
0.097000
0.102000
0.097000
0.200000
0.126000
0.076000
0.109000
0.300000
0.188000
19.011000
0.099000
0.115000
0.081000
0.086000
0.117000
0.095000
0.097000
0.212000
0.109000
0.087000
0.101000
0.106000
0.078000
0.107000
0.105000
0.116000
0.282000
0.095000
0.100000
0.294000
0.119000
0.166000
0.334000
0.107000
0.169000
0.101000
0.106000
0.198000
0.108000
0.102000
0.084000
0.114000
0.100000
0.188000
0.230000
0.284000
0.120000
0.084000
3.085000
0.107000
0.097000
0.109000
0.098000
0.100000
0.105000
0.081000
0.128000
0.109000
0.089000
0.085000
0.099000
0.107000
0.081000
0.112000
0.104000
0.094000
0.214000
0.086000
0.102000
2.718000
0.097000
0.103000
0.102000
0.144000
0.160000
0.774000
0.096000
0.112000
0.087000
0.114000
0.094000
0.108000
3.214000
0.094000
0.174000
0.107000
0.097000
0.121000
0.108000
0.082000
0.119000
0.090000
0.081000
0.105000
0.113000
0.100000
0.203000
0.105000
0.114000
0.077000
0.111000
0.105000
14.571000
0.092000
0.136000
0.085000
0.124000
0.057000
0.100000
0.113000
0.185000
0.101000
0.106000
0.105000
0.108000
0.089000
0.102000
0.100000
0.107000
0.098000
0.103000
0.095000
0.102000
0.107000
0.189000
0.191000
0.110000
0.095000
0.194000
0.111000
0.114000
0.096000
0.093000
0.186000
0.196000
0.098000
0.107000
0.102000
0.115000
0.092000
0.103000
0.188000
0.111000
13.384000
0.118000
0.092000
0.101000
0.200000
0.098000
0.101000
0.088000
0.113000
0.106000
0.092000
0.102000
0.100000
0.103000
0.100000
0.113000
0.093000
0.192000
0.087000
0.114000
0.106000
0.103000
0.087000
0.115000
0.090000
0.102000
3.284000
0.116000
0.113000
0.087000
0.100000
0.105000
0.093000
0.088000
0.113000
0.103000
0.089000
0.212000
0.098000
0.104000
0.095000
0.105000
0.191000
0.122000
0.086000
0.100000
0.184000
0.095000
2.108000
0.095000
0.108000
0.187000
0.123000
0.136000
0.177000
0.093000
0.146000
0.074000
0.089000
0.077000
0.097000
0.240000
0.087000
0.169000
0.095000
0.164000
0.052000
0.098000
0.095000
0.093000
0.171000
0.067000
0.104000
0.067000
0.124000
0.092000
0.073000
0.216000
0.089000
0.109000
0.095000
0.208000
0.094000
0.109000
0.186000
0.101000
0.104000
0.098000
0.100000
0.090000
0.193000
0.118000
0.113000
0.090000
0.103000
0.100000
0.093000
0.111000
0.287000
0.196000
0.199000
0.105000
0.112000
0.096000
0.106000
0.083000
0.100000
0.108000
0.107000
0.095000
0.096000
0.096000
0.104000
0.101000
0.111000
0.092000
0.114000
10.574000
0.133000
0.121000
0.065000
0.215000
0.105000
0.077000
0.102000
0.083000
0.108000
0.102000
0.116000
0.089000
0.097000
0.194000
0.100000
0.098000
0.094000
0.205000
0.109000
0.111000
0.098000
0.094000
0.102000
0.102000
0.100000
0.091000
0.206000
0.095000
0.114000
0.072000
0.184000
0.067000
0.079000
0.088000
0.098000
0.101000
0.105000
0.092000
0.105000
0.082000
0.107000
0.094000
0.106000
0.111000
0.087000
0.112000
0.107000
0.099000
0.094000
0.098000
0.169000
5.537000
0.092000
0.103000
0.086000
0.110000
0.199000
0.588000
0.079000
0.103000
0.053000
0.085000
0.099000
0.103000
0.162000
0.066000
0.158000
0.089000
18.532000
0.088000
0.097000
0.099000
0.108000
0.087000
0.205000
0.114000
0.082000
0.099000
0.099000
0.103000
0.292000
0.102000
0.102000
0.134000
0.162000
0.094000
0.089000
36.625000
0.124000
0.085000
0.101000
0.204000
0.100000
0.080000
0.102000
0.108000
0.104000
0.097000
0.217000
0.094000
0.105000
0.115000
0.155000
0.110000
0.096000
0.316000
0.108000
0.100000
0.104000
0.072000
0.099000
0.104000
0.162000
0.140000
0.102000
0.091000
0.099000
0.106000
18.490000
0.112000
0.107000
0.085000
0.101000
0.104000
0.118000
0.180000
0.114000
0.103000
0.099000
0.091000
0.110000
0.084000
0.112000
0.180000
0.111000
0.108000
0.104000
0.098000
0.095000
3.198000
0.097000
0.115000
0.097000
0.097000
0.096000
0.202000
0.108000
0.095000
0.100000
0.194000
0.095000
0.101000
0.121000
0.102000
0.127000
0.102000
0.101000
0.070000
0.089000
0.105000
0.105000
0.098000
0.094000
0.097000
0.081000
0.104000
0.099000
36.124000
0.177000
0.112000
0.101000
0.899000
0.099000
0.104000
0.090000
0.103000
0.088000
0.125000
0.099000
0.139000
41.643000
0.105000
0.098000
0.091000
0.128000
0.073000
0.113000
0.192000
0.165000
0.096000
0.049000
0.098000
0.193000
0.101000
0.097000
0.142000
0.106000
0.104000
0.074000
0.081000
0.111000
0.093000
0.098000
0.189000
0.101000
0.103000
0.106000
0.183000
0.113000
0.095000
0.193000
0.102000
0.107000
0.119000
0.080000
0.109000
0.090000
0.101000
0.097000
70.415000
0.160000
0.048000
0.081000
0.158000
0.279000
13.478000
0.107000
0.098000
0.093000
0.116000
0.172000
0.140000
0.077000
0.127000
0.054000
0.207000
0.204000
0.096000
0.096000
0.092000
0.111000
0.117000
0.185000
0.100000
0.101000
0.105000
0.209000
0.080000
0.114000
0.088000
0.106000
0.187000
0.124000
0.086000
0.112000
0.098000
0.095000
0.098000
0.106000
0.090000
0.108000
0.101000
0.199000
0.108000
0.114000
189.168000
0.104000
0.108000
0.100000
0.097000
0.099000
0.101000
0.208000
0.088000
0.161000
0.144000
0.102000
0.077000
0.113000
0.202000
0.192000
0.116000
0.095000
0.129000
0.155000
0.119000
0.201000
0.089000
0.305000
0.101000
0.167000
0.137000
0.204000
0.290000
0.105000
0.089000
79.898000
0.093000
0.105000
0.206000
0.109000
0.103000
0.096000
0.121000
0.081000
0.201000
0.098000
0.101000
0.098000
0.197000
0.101000
0.098000
0.088000
0.117000
0.093000
0.091000
0.112000
0.220000
0.091000
0.101000
0.093000
0.196000
0.100000
0.116000
0.074000
0.313000
0.095000
0.097000
0.100000
0.106000
0.096000
0.262000
6.461000
0.083000
0.095000
0.112000
0.087000
0.190000
0.097000
0.103000
0.205000
0.100000
0.414000
0.143000
0.075000
0.229000
0.063000
0.111000
0.074000
0.091000
621.206000
0.106000
0.102000
0.091000
0.103000
0.096000
0.107000
0.113000
0.083000
0.255000
0.110000
0.091000
0.055000
0.092000
0.094000
0.108000
0.186000
0.111000
0.094000
0.102000
0.359000
0.109000
0.048000
0.094000
234.975000
0.098000
0.131000
0.152000
0.051000
0.101000
0.089000
0.095000
0.104000
0.083000
0.111000
0.094000
0.108000
0.101000
0.145000
0.051000
0.117000
0.103000
0.078000
0.106000
0.093000
0.129000
0.086000
0.078000
67.014000
0.093000
0.114000
0.196000
0.120000
0.115000
0.061000
0.202000
0.185000
0.112000
0.217000
0.250000
0.076000
0.160000
0.101000
0.099000
0.102000
0.097000
0.306000
0.087000
0.095000
0.213000
0.109000
0.094000
0.113000
0.098000
0.072000
0.101000
0.100000
40.008000
0.097000
0.092000
0.115000
0.194000
0.092000
0.109000
0.106000
0.090000
0.197000
0.106000
0.108000
0.083000
0.213000
0.098000
0.100000
0.099000
0.188000
0.098000
0.108000
0.094000
0.138000
0.240000
0.071000
0.084000
95.495000
0.094000
0.114000
0.089000
0.091000
0.101000
0.104000
0.107000
0.104000
0.188000
0.090000
0.114000
0.101000
0.172000
0.116000
0.205000
0.106000
0.094000
0.094000
0.200000
0.171000
0.057000
0.073000
0.311000
0.100000
0.096000
0.097000
0.097000
121.292000
0.101000
0.095000
0.105000
0.201000
0.108000
0.097000
0.083000
0.115000
0.111000
0.081000
0.198000
0.110000
0.099000
0.289000
0.126000
0.099000
0.097000
0.284000
0.104000
0.103000
0.100000
67.797000
0.191000
0.108000
0.289000
0.106000
0.114000
0.180000
0.108000
0.096000
0.114000
0.094000
0.109000
0.111000
0.138000
0.108000
0.052000
0.071000
0.117000
0.097000
0.109000
0.091000
0.097000
0.238000
0.109000
0.066000
0.096000
0.272000
0.062000
0.091000
0.069000
0.211000
0.216000
0.080000
0.181000
0.110000
0.096000
0.100000
0.094000
0.111000
0.114000
0.090000
0.114000
0.121000
0.171000
0.101000
0.091000
0.094000
0.222000
94.791000
0.089000
0.109000
0.483000
0.109000
0.099000
0.296000
0.098000
0.105000
0.103000
0.095000
0.105000
0.098000
0.101000
0.108000
0.110000
0.209000
0.067000
0.120000
0.091000
0.096000
0.095000
0.208000
0.079000
30.336000
0.092000
0.104000
0.178000
0.114000
0.099000
0.178000
0.108000
0.200000
0.111000
0.099000
0.302000
0.182000
0.104000
0.103000
0.102000
0.108000
0.098000
0.098000
0.197000
0.101000
0.190000
0.108000
0.108000
0.104000
0.094000
0.094000
0.202000
0.112000
0.090000
0.105000
0.196000
0.102000
0.109000
0.110000
0.088000
0.094000
0.095000
0.093000
0.113000
0.097000
0.096000
0.102000
7.207000
0.101000
0.102000
0.083000
0.107000
0.193000
0.107000
0.104000
0.098000
0.106000
0.298000
0.105000
0.100000
0.297000
0.096000
0.100000
0.185000
0.115000
188.900000
0.105000
0.094000
0.094000
0.204000
0.207000
0.096000
0.202000
0.105000
0.102000
0.102000
0.183000
0.113000
0.097000
0.095000
641.313000
0.090000
0.102000
0.185000
0.104000
0.100000
0.099000
0.104000
0.095000
0.100000
0.104000
0.101000
0.109000
0.100000
1.199000
0.098000
0.111000
0.077000
0.131000
0.180000
0.108000
0.090000
0.099000
0.099000
0.097000
0.104000
0.097000
0.115000
0.094000
0.113000
733.698000
0.088000
0.107000
12.713000
0.070000
0.106000
0.112000
0.129000
0.164000
0.113000
0.093000
0.099000
0.103000
0.096000
0.106000
0.096000
0.097000
519.693000
0.107000
0.105000
0.110000
0.098000
0.286000
0.121000
0.073000
0.269000
0.133000
0.148000
0.211000
0.251000
0.093000
0.103000
0.295000
0.108000
0.118000
0.474000
0.108000
0.100000
0.104000
0.200000
0.093000
0.100000
0.100000
0.103000
0.103000
0.290000
0.103000
0.103000
0.146000
172.240000
0.111000
0.107000
0.116000
0.074000
0.306000
0.208000
0.096000
0.095000
0.113000
0.185000
0.109000
0.091000
0.106000
0.187000
0.099000
0.117000
0.098000
0.116000
104.787000
0.091000
0.103000
0.077000
0.219000
0.102000
0.111000
0.088000
0.112000
0.081000
0.109000
0.106000
0.093000
0.097000
0.098000
0.113000
0.112000
0.095000
0.091000
0.106000
115.775000
0.101000
0.117000
0.110000
0.097000
0.089000
0.100000
0.093000
0.114000
0.100000
0.097000
0.081000
0.119000
0.149000
0.071000
0.064000
0.103000
0.099000
0.124000
0.098000
0.124000
0.065000
0.113000
0.090000
0.113000
0.084000
0.094000
0.099000
0.114000
100.802000
0.098000
0.098000
0.102000
0.096000
0.090000
0.107000
0.093000
0.119000
0.098000
0.084000
0.108000
0.116000
0.072000
0.099000
0.097000
0.172000
0.091000
0.075000
0.092000
0.084000
0.087000
0.111000
0.102000
209.592000
0.099000
0.110000
0.087000
0.113000
0.204000
0.082000
0.102000
0.112000
0.186000
0.242000
0.090000
0.105000
0.194000
0.171000
0.108000
181.902000
0.104000
0.092000
0.102000
0.095000
0.113000
0.095000
0.093000
0.093000
0.228000
0.082000
0.100000
0.109000
0.145000
0.110000
0.072000
205.772000
0.105000
0.079000
0.116000
0.190000
0.099000
0.102000
0.104000
0.102000
0.091000
0.101000
0.109000
0.104000
0.095000
0.099000
0.094000
0.104000
0.119000
0.178000
0.094000
15.031000
0.085000
0.102000
0.099000
0.103000
0.085000
0.104000
0.095000
0.110000
0.099000
2.101000
0.102000
0.085000
0.096000
0.103000
0.101000
0.111000
0.099000
0.099000
0.104000
0.224000
0.075000
0.085000
0.102000
0.104000
0.093000
0.103000
0.096000
0.405000
0.123000
24.690000
0.109000
0.081000
0.104000
0.099000
0.101000
0.094000
0.106000
0.092000
0.102000
0.098000
0.117000
0.093000
41.885000
0.111000
0.094000
0.118000
0.184000
0.107000
0.101000
0.095000
0.087000
0.112000
0.106000
0.103000
0.298000
0.100000
0.100000
0.099000
0.091000
0.102000
0.100000
0.121000
0.098000
817.489000
0.089000
0.093000
0.150000
0.193000
0.088000
0.085000
0.109000
0.077000
0.201000
0.099000
0.109000
0.101000
0.100000
0.200000
0.104000
0.079000
0.119000
0.102000
0.098000
0.290000
0.096000
0.107000
0.094000
0.113000
0.205000
0.089000
0.101000
0.110000
0.320000
0.083000
0.148000
0.090000
0.166000
0.112000
0.060000
0.113000
0.095000
0.103000
0.201000
0.105000
0.155000
0.057000
0.107000
0.084000
63.693000
0.111000
0.095000
0.087000
0.209000
0.087000
0.103000
0.210000
0.097000
0.097000
0.297000
0.221000
0.141000
0.082000
0.282000
0.088000
0.298000
0.096000
0.148000
0.054000
0.301000
0.096000
0.101000
0.116000
0.176000
0.412000
0.099000
0.092000
0.105000
0.121000
0.093000
0.128000
0.281000
0.183000
0.098000
0.207000
0.096000
657.393000
0.096000
0.097000
0.500000
0.243000
0.166000
42.201000
0.103000
0.100000
0.290000
0.087000
0.112000
0.316000
0.290000
0.092000
0.095000
0.104000
0.403000
0.209000
0.297000
0.193000
0.102000
0.097000
0.117000
0.090000
0.100000
0.104000
32.510000
0.098000
0.103000
0.424000
0.079000
0.077000
0.203000
0.212000
0.390000
0.182000
0.204000
0.102000
0.118000
0.097000
0.096000
10.997000
0.106000
0.109000
0.108000
98.587000
0.094000
0.095000
0.094000
0.112000
0.109000
0.298000
0.097000
0.295000
0.099000
0.092000
0.099000
0.100000
0.208000
0.101000
0.097000
0.203000
0.109000
0.103000
45.607000
0.099000
0.107000
0.087000
0.122000
0.070000
0.105000
0.097000
0.094000
0.103000
0.193000
0.104000
0.100000
68.314000
0.092000
0.090000
0.304000
0.401000
0.602000
0.098000
0.114000
0.076000
0.316000
0.102000
0.098000
0.294000
0.106000
0.293000
0.101000
58.498000
0.094000
0.113000
0.902000
0.087000
0.105000
0.098000
0.200000
0.117000
0.178000
0.098000
262.294000
0.118000
0.092000
0.207000
0.394000
0.096000
0.107000
0.509000
0.084000
0.096000
144.805000
0.163000
0.059000
0.293000
0.100000
0.084000
44.408000
0.102000
0.100000
0.299000
0.392000
0.199000
0.095000
0.110000
0.105000
0.392000
0.108000
0.087000
0.102000
0.316000
7.096000
0.103000
0.586000
4.808000
0.094000
0.103000
0.095000
0.316000
0.103000
0.193000
0.096000
0.191000
0.114000
0.102000
0.113000
282.983000
0.095000
0.291000
0.103000
0.510000
0.166000
0.172000
0.157000
399.122000
0.083000
0.112000
0.280000
0.106000
0.197000
0.397000
0.098000
0.202000
0.208000
90.792000
0.119000
0.093000
0.217000
0.276000
0.098000
0.101000
0.110000
0.198000
0.099000
0.097000
0.106000
0.187000
0.110000
0.102000
0.102000
0.099000
0.213000
0.089000
0.095000
0.101000
168.904000
0.094000
0.104000
0.494000
0.106000
0.396000
0.087000
0.334000
0.286000
0.601000
0.098000
0.089000
0.312000
946.603000
0.104000
0.103000
0.500000
0.080000
0.111000
0.295000
0.100000
0.101000
0.102000
0.299000
0.202000
0.107000
0.180000
0.102000
0.093000
0.103000
0.111000
0.399000
0.101000
0.098000
213.204000
0.140000
0.091000
0.379000
0.114000
0.077000
0.093000
166.202000
0.087000
0.118000
0.310000
0.095000
25.503000
0.575000
118.707000
0.125000
0.089000
0.289000
0.118000
0.189000
0.188000
0.118000
0.203000
0.178000
0.104000
0.205000
0.103000
1289.095000
0.108000
0.105000
0.100000
0.099000
0.096000
0.102000
0.073000
0.132000
0.090000
0.348000
0.070000
0.096000
0.090000
0.408000
0.096000
0.086000
0.105000
0.307000
0.103000
0.089000
0.101000
0.194000
0.113000
0.084000
0.225000
0.096000
0.094000
0.201000
0.095000
0.105000
0.095000
0.208000
0.080000
0.120000
350.884000
0.102000
0.096000
0.118000
0.203000
0.075000
0.110000
0.103000
0.192000
0.106000
0.099000
0.097000
0.208000
0.098000
0.092000
0.293000
0.121000
0.084000
0.110000
0.286000
0.110000
0.084000
0.117000
0.196000
0.099000
0.106000
0.109000
0.191000
0.096000
0.101000
0.106000
12.802000
0.099000
0.087000
0.102000
0.106000
0.118000
0.175000
0.106000
0.102000
0.100000
0.089000
0.309000
0.096000
0.111000
0.207000
0.093000
0.105000
0.488000
0.104000
0.154000
0.056000
0.185000
0.108000
0.103000
254.893000
0.105000
0.091000
0.096000
0.212000
0.193000
0.106000
0.104000
0.595000
0.109000
0.111000
0.062000
0.213000
0.097000
0.205000
0.116000
0.189000
0.102000
0.189000
0.095000
0.093000
0.318000
0.097000
0.114000
0.087000
2.996000
0.097000
0.096000
0.099000
0.213000
0.108000
0.281000
1485.725000
0.084000
0.074000
0.116000
0.113000
0.101000
0.092000
0.107000
0.096000
0.106000
0.112000
0.082000
0.096000
0.091000
0.100000
0.141000
0.086000
0.104000
0.081000
0.119000
0.090000
0.087000
0.108000
0.088000
0.097000
0.105000
0.118000
0.083000
0.103000
0.094000
0.106000
0.109000
0.080000
0.106000
0.097000
0.092000
0.107000
0.105000
0.114000
0.080000
0.114000
0.082000
0.111000
0.101000
0.103000
0.105000
0.096000
0.093000
0.100000
0.118000
0.084000
0.095000
0.093000
0.115000
0.103000
0.096000
0.091000
0.111000
0.083000
0.103000
0.121000
0.095000
0.083000
0.114000
0.098000
0.095000
783.715000
0.095000
0.108000
0.105000
0.071000
1.311000
0.101000
0.106000
0.091000
0.100000
0.120000
123.287000
0.106000
0.094000
0.112000
0.092000
0.092000
0.099000
0.100000
0.107000
0.090000
0.102000
0.104000
0.103000
0.097000
0.103000
0.148000
0.098000
0.081000
0.060000
0.103000
0.111000
0.105000
0.090000
0.100000
0.109000
0.098000
0.106000
397.982000
0.105000
0.102000
0.098000
0.099000
0.094000
0.096000
0.101000
0.103000
0.092000
0.112000
0.107000
0.108000
0.091000
0.092000
0.110000
0.091000
0.096000
0.114000
0.182000
0.101000
0.104000
0.121000
0.082000
0.104000
0.103000
0.110000
0.106000
0.084000
0.095000
0.207000
0.101000
0.101000
0.100000
0.182000
0.110000
0.100000
0.198000
0.114000
0.093000
0.093000
0.104000
58.606000
1005.585000
0.100000
0.105000
0.092000
0.104000
0.209000
0.201000
0.090000
0.106000
0.096000
0.110000
0.297000
0.086000
0.114000
0.102000
0.094000
0.097000
98.916000
0.130000
0.059000
0.101000
0.108000
0.298000
0.110000
0.098000
0.088000
0.090000
0.185000
0.116000
0.095000
0.099000
0.099000
0.196000
0.198000
0.325000
184.890000
0.106000
0.101000
0.104000
0.084000
0.115000
0.092000
0.097000
0.099000
0.102000
0.095000
0.093000
0.109000
0.096000
0.113000
0.101000
0.091000
0.103000
0.107000
0.110000
0.083000
0.104000
542.487000
0.126000
0.083000
0.105000
0.111000
0.207000
0.097000
0.084000
0.089000
0.216000
0.090000
185.895000
0.109000
0.099000
0.086000
0.101000
0.111000
0.093000
0.097000
0.106000
0.104000
0.128000
0.068000
68.407000
0.099000
0.101000
0.100000
0.320000
0.097000
0.086000
0.094000
0.095000
0.203000
0.311000
0.097000
0.100000
0.286000
0.100000
0.094000
0.111000
0.200000
0.101000
0.123000
0.172000
0.113000
165.701000
0.098000
0.107000
0.488000
0.206000
0.428000
0.087000
0.103000
0.076000
0.206000
0.083000
0.108000
0.102000
0.103000
0.099000
358.300000
0.100000
0.110000
0.102000
0.097000
0.188000
0.103000
0.109000
0.103000
0.081000
0.118000
0.198000
0.139000
0.064000
0.091000
0.110000
0.097000
0.101000
0.090000
0.109000
0.094000
0.111000
0.080000
0.205000
0.193000
0.112000
0.097000
0.118000
130.785000
0.108000
0.105000
0.085000
0.113000
0.396000
0.094000
0.188000
0.126000
0.384000
0.094000
0.118000
0.085000
