69
74
82
117
146
183
210
225
252
271
304
351
378
385
413
438
468
502
535
576
601
630
662
671
688
715
742
777
811
820
825
854
863
869
879
922
939
947
952
984
1015
1040
1048
1081
1104
1110
1114
1144
1173
1182
1185
1187
1198
1202
1203
1239
1281
1326
1352
1360
1389
1437
1447
1479
1484
1487
1497
1506
1509
1513
1558
1575
1586
1607
1637
1670
1707
1749
1790
1832
1863
1884
1916
1959
1992
2022
2056
2069
2073
2104
2106
2118
2129
2141
2157
2188
2214
2247
2266
2302
2326
2358
2386
2426
2431
2434
2449
2473
2482
2491
2511
2517
2519
2523
2527
2531
2534
2580
2591
2633
2641
2646
2682
2710
2753
2773
2778
2784
2791
2794
2803
2808
2818
2857
2869
2913
2926
2958
2999
3050
3063
3068
3084
3101
3135
3139
3150
3172
3200
3234
3260
3284
3301
3309
3322
3328
3341
3381
3390
3416
3419
3423
3454
3474
3489
3493
3495
3518
3546
3575
3587
3594
3621
3660
3668
3673
3698
3715
3717
3721
3725
3743
3747
