0.000000
0.091000
0.106000
0.110000
0.089000
0.100000
0.507000
0.149000
0.148000
160.888000
0.157000
0.090000
0.063000
0.106000
1.921000
0.064000
0.128000
0.096000
0.077000
0.113000
0.091000
0.126000
0.188000
0.093000
0.202000
0.073000
0.252000
0.198000
0.093000
6.303000
0.091000
0.104000
0.147000
0.058000
87.082000
0.099000
0.097000
0.098000
0.172000
0.052000
0.094000
0.103000
0.082000
0.103000
0.124000
0.068000
123.300000
0.102000
0.097000
0.115000
0.090000
0.147000
0.057000
0.089000
0.105000
0.087000
0.117000
0.089000
51.899000
0.111000
0.078000
0.121000
0.104000
0.091000
0.104000
0.089000
0.103000
0.096000
0.109000
0.155000
0.089000
0.056000
296.909000
0.109000
0.094000
0.193000
0.109000
0.103000
0.103000
0.128000
51.461000
0.107000
0.088000
0.096000
0.104000
0.098000
0.093000
0.105000
0.103000
0.207000
0.202000
0.298000
98.602000
0.074000
0.114000
0.108000
0.095000
0.106000
0.093000
0.101000
0.097000
0.114000
0.192000
0.097000
0.094000
0.104000
0.109000
0.100000
0.191000
0.096000
0.104000
0.099000
0.114000
0.106000
0.186000
0.285000
0.096000
71.317000
0.104000
0.095000
0.084000
0.109000
0.109000
0.203000
0.102000
0.096000
0.094000
0.119000
0.184000
0.095000
0.183000
0.120000
82.907000
0.098000
0.092000
0.105000
0.105000
0.092000
0.253000
0.100000
0.145000
0.056000
0.054000
0.091000
0.104000
0.100000
0.208000
0.190000
0.108000
0.097000
144.386000
0.097000
0.311000
0.104000
0.205000
0.194000
0.145000
0.050000
0.115000
0.109000
0.067000
0.121000
124.711000
0.082000
0.156000
0.063000
0.124000
0.057000
0.126000
0.109000
0.069000
0.097000
0.102000
0.099000
0.195000
0.085000
0.102000
0.215000
0.092000
0.112000
0.093000
0.112000
0.086000
0.100000
0.101000
0.113000
0.110000
0.088000
59.859000
0.107000
0.244000
0.098000
0.225000
0.191000
0.146000
0.151000
0.104000
0.120000
0.172000
0.163000
0.187000
0.106000
0.078000
0.071000
393.177000
0.083000
0.121000
0.082000
0.109000
0.111000
149.008000
0.085000
0.112000
0.094000
0.102000
0.097000
0.097000
63.903000
0.105000
0.103000
0.083000
0.107000
0.098000
0.099000
0.105000
0.097000
0.100000
0.104000
0.092000
0.097000
0.110000
0.087000
0.118000
830.688000
0.098000
0.102000
0.107000
0.093000
143.501000
0.091000
0.118000
0.094000
0.102000
0.136000
0.051000
0.095000
0.143000
0.106000
0.107000
0.087000
0.102000
0.071000
0.117000
150.607000
0.098000
0.107000
0.091000
0.083000
0.121000
0.090000
0.088000
26.306000
0.097000
0.072000
0.133000
0.096000
0.109000
0.101000
0.678000
0.206000
0.105000
0.113000
0.094000
0.101000
295.907000
0.100000
0.090000
0.106000
0.079000
0.107000
0.098000
0.087000
4.321000
0.155000
0.108000
0.076000
0.097000
0.069000
0.097000
0.100000
0.110000
0.085000
0.196000
0.108000
0.097000
0.182000
0.119000
0.094000
0.101000
0.103000
59.119000
0.179000
0.112000
0.101000
0.089000
0.111000
0.091000
0.103000
0.101000
6.202000
0.080000
0.115000
0.108000
0.106000
0.126000
0.075000
0.084000
0.084000
1.830000
0.091000
0.095000
0.096000
0.093000
0.101000
0.095000
96.417000
0.102000
0.111000
0.099000
0.102000
0.089000
0.130000
0.076000
0.122000
0.069000
0.100000
0.096000
0.196000
0.103000
0.122000
0.085000
0.096000
0.106000
0.342000
0.248000
0.084000
207.545000
0.126000
0.160000
0.080000
0.177000
0.065000
0.093000
0.088000
0.108000
0.100000
0.096000
0.092000
0.129000
0.078000
0.083000
0.125000
0.101000
0.088000
0.126000
0.092000
0.127000
0.059000
0.095000
0.100000
69.597000
0.120000
239.279000
0.099000
0.105000
150.000000
0.201000
0.096000
0.099000
0.197000
0.426000
0.082000
0.180000
0.101000
0.158000
0.061000
0.106000
0.099000
0.200000
0.081000
0.110000
0.103000
0.111000
0.056000
0.157000
0.063000
0.115000
0.069000
0.106000
0.104000
0.115000
0.105000
194.304000
0.117000
0.073000
0.092000
0.103000
0.103000
0.094000
0.110000
0.104000
0.084000
0.099000
0.079000
0.261000
0.194000
0.067000
0.127000
0.191000
0.086000
0.112000
0.197000
0.195000
0.095000
0.133000
0.088000
0.109000
0.090000
0.088000
0.102000
0.096000
0.105000
0.106000
0.207000
0.089000
0.092000
0.112000
0.075000
0.077000
0.132000
0.144000
0.075000
0.082000
0.114000
0.083000
0.108000
0.204000
0.191000
0.102000
0.101000
0.109000
0.085000
0.099000
0.096000
0.104000
0.104000
0.098000
0.103000
0.102000
0.108000
0.093000
0.203000
0.090000
0.094000
0.109000
0.142000
0.067000
0.100000
0.119000
0.087000
0.101000
0.083000
0.101000
0.099000
0.102000
0.095000
0.200000
0.106000
68.239000
0.066000
0.123000
0.093000
0.143000
0.054000
0.116000
0.083000
0.088000
20.593000
0.201000
0.383000
0.154000
0.051000
0.098000
0.115000
120.994000
0.219000
0.082000
0.114000
0.091000
0.104000
246.923000
0.075000
0.109000
0.109000
0.089000
0.094000
0.073000
0.088000
0.157000
0.098000
0.095000
0.092000
0.087000
1085.105000
0.101000
0.102000
0.098000
0.105000
0.104000
0.084000
0.108000
0.079000
0.124000
0.109000
0.097000
0.106000
0.107000
145.185000
0.089000
0.299000
0.113000
0.126000
0.086000
0.098000
0.081000
71.894000
0.113000
0.093000
0.099000
0.104000
0.098000
0.105000
0.097000
0.105000
0.102000
114.891000
0.150000
0.641000
450.511000
0.101000
0.105000
0.105000
0.097000
0.201000
0.205000
0.053000
1326.154000
0.069000
0.110000
0.216000
0.095000
0.093000
0.195000
0.102000
0.107000
0.292000
0.198000
0.103000
0.103000
0.194000
0.134000
0.076000
0.098000
0.117000
0.098000
0.093000
42.106000
0.117000
0.178000
0.086000
0.313000
0.094000
0.103000
0.193000
0.102000
0.115000
0.090000
0.094000
0.081000
0.090000
0.069000
1.867000
0.099000
0.102000
0.099000
0.100000
0.089000
0.110000
0.091000
0.100000
101.296000
0.112000
0.084000
0.096000
0.126000
0.087000
0.103000
0.088000
261.114000
0.084000
0.102000
0.108000
0.090000
0.097000
0.096000
570.312000
0.103000
0.113000
0.100000
0.102000
0.074000
0.381000
0.145000
0.191000
0.086000
0.121000
0.085000
375.109000
0.104000
0.093000
0.098000
0.102000
0.196000
0.104000
0.193000
0.207000
0.191000
0.105000
0.100000
0.103000
0.078000
0.118000
0.106000
0.091000
0.107000
0.095000
0.094000
0.100000
0.099000
0.107000
0.093000
0.106000
0.110000
0.097000
0.102000
0.100000
0.098000
0.091000
0.116000
0.096000
0.125000
0.057000
0.124000
0.072000
0.123000
0.093000
0.100000
0.082000
0.123000
0.112000
0.093000
0.075000
0.100000
67.300000
0.100000
0.095000
0.110000
0.107000
0.095000
0.093000
0.113000
0.095000
0.105000
0.095000
413.269000
0.110000
0.169000
0.183000
0.115000
0.061000
0.089000
0.097000
0.104000
0.106000
0.081000
0.125000
0.076000
0.110000
0.132000
0.085000
0.091000
0.075000
0.117000
0.094000
0.095000
0.113000
0.111000
204.076000
0.103000
0.105000
0.102000
0.098000
241.105000
0.094000
0.112000
0.102000
0.098000
0.087000
0.119000
0.087000
0.082000
0.107000
0.105000
0.103000
0.097000
115.303000
0.106000
0.089000
0.114000
0.092000
0.107000
0.088000
0.106000
0.100000
0.095000
0.108000
0.139000
0.069000
0.091000
0.116000
0.189000
0.091000
0.109000
20.682000
0.106000
0.096000
0.105000
0.241000
0.078000
0.176000
0.090000
0.231000
0.088000
0.102000
0.112000
0.072000
0.156000
0.051000
0.092000
0.121000
0.111000
1.757000
0.109000
0.218000
0.091000
0.097000
0.118000
0.074000
0.205000
0.109000
0.103000
0.089000
0.115000
0.080000
0.117000
0.098000
0.098000
0.095000
0.098000
0.107000
0.103000
0.082000
0.111000
0.097000
0.104000
60.685000
0.113000
0.106000
0.104000
11.517000
0.095000
0.092000
0.098000
0.200000
0.118000
0.071000
0.118000
0.285000
0.296000
0.093000
0.104000
0.205000
0.108000
0.191000
0.090000
2.325000
0.082000
0.096000
0.109000
0.137000
0.201000
0.108000
0.061000
0.167000
0.325000
0.103000
0.092000
0.105000
0.092000
0.102000
0.094000
0.122000
8.200000
0.088000
0.111000
0.197000
0.100000
0.093000
0.108000
0.094000
0.211000
0.090000
0.095000
0.214000
0.179000
0.098000
0.222000
0.190000
0.202000
0.346000
0.071000
0.135000
0.068000
0.096000
0.096000
0.092000
0.092000
0.115000
145.388000
0.097000
0.114000
0.104000
0.078000
0.108000
0.095000
0.111000
0.099000
0.094000
0.106000
0.116000
0.066000
0.114000
0.106000
0.096000
0.096000
0.115000
0.100000
0.104000
0.083000
0.102000
0.115000
0.083000
0.092000
0.120000
0.094000
0.095000
0.103000
0.108000
0.202000
0.090000
0.108000
266.079000
0.124000
0.106000
0.086000
0.150000
0.050000
0.111000
0.098000
0.099000
0.089000
0.094000
0.120000
0.128000
0.072000
0.086000
0.083000
0.115000
0.102000
55.796000
0.091000
0.113000
0.107000
0.092000
0.098000
0.120000
0.075000
0.102000
0.103000
289.098000
0.206000
0.103000
0.116000
0.083000
0.197000
0.117000
0.085000
950.907000
0.078000
0.107000
0.097000
0.102000
0.111000
0.111000
0.088000
0.113000
0.080000
0.106000
0.112000
0.095000
0.068000
0.119000
123.795000
0.110000
0.097000
0.104000
1.203000
0.099000
0.201000
0.188000
520.295000
0.084000
0.117000
0.094000
0.102000
0.208000
59.206000
0.109000
0.096000
0.096000
0.105000
0.107000
0.086000
0.195000
0.195000
0.103000
0.100000
0.116000
0.089000
0.207000
0.083000
0.098000
0.098000
0.109000
0.121000
0.103000
0.070000
41.212000
0.111000
0.086000
0.091000
0.105000
0.104000
0.110000
0.100000
0.209000
0.101000
0.111000
0.085000
0.184000
0.112000
0.131000
0.091000
0.082000
0.190000
0.107000
0.101000
98.985000
0.214000
0.101000
0.094000
0.096000
0.121000
0.081000
0.101000
0.098000
0.112000
23.790000
0.101000
0.074000
0.113000
0.093000
0.102000
0.106000
0.099000
0.119000
0.091000
0.189000
0.118000
0.080000
0.109000
0.177000
0.072000
0.064000
0.075000
441.306000
0.162000
0.093000
0.078000
0.057000
0.129000
673.805000
0.229000
0.089000
0.094000
0.083000
0.106000
0.094000
0.097000
0.105000
0.094000
0.089000
0.112000
0.096000
0.105000
0.082000
0.113000
0.109000
0.118000
0.079000
0.095000
0.093000
501.927000
0.087000
0.091000
0.095000
0.108000
0.115000
0.120000
0.106000
0.052000
0.106000
0.103000
0.101000
0.100000
0.076000
0.106000
0.115000
0.120000
0.116000
0.079000
0.098000
0.092000
0.134000
0.057000
0.096000
0.115000
0.092000
0.190000
0.107000
0.103000
1304.410000
0.090000
0.111000
1757.389000
0.107000
2.289000
87.728000
0.086000
0.095000
0.094000
0.112000
0.102000
0.097000
0.086000
0.106000
0.114000
0.090000
0.099000
0.118000
0.069000
0.131000
0.085000
0.088000
0.102000
0.108000
0.117000
0.083000
0.086000
0.132000
0.076000
0.112000
8.592000
0.110000
0.104000
0.076000
0.220000
0.088000
0.102000
0.101000
0.104000
0.086000
0.105000
0.113000
0.114000
0.079000
0.096000
0.119000
0.082000
0.092000
0.111000
0.156000
0.111000
0.056000
0.083000
11.380000
0.098000
0.215000
0.306000
0.097000
0.100000
0.104000
0.096000
0.084000
0.124000
0.089000
0.099000
0.099000
0.099000
0.098000
0.126000
0.087000
0.113000
0.062000
266.203000
0.106000
0.100000
0.099000
0.099000
0.095000
0.097000
0.112000
0.098000
0.111000
0.107000
0.084000
0.104000
0.092000
0.096000
0.100000
0.116000
0.091000
0.140000
0.093000
0.100000
0.073000
0.106000
0.110000
0.094000
0.079000
0.097000
0.110000
0.108000
0.081000
0.120000
0.101000
88.490000
0.103000
0.084000
0.109000
0.101000
0.108000
0.101000
0.086000
0.113000
0.103000
0.126000
0.169000
0.098000
0.105000
0.111000
0.068000
0.115000
0.098000
0.097000
0.103000
0.105000
0.097000
0.109000
0.084000
0.109000
0.095000
3.699000
0.102000
0.100000
0.108000
0.099000
0.105000
0.074000
0.108000
0.106000
0.100000
0.095000
0.107000
0.121000
0.090000
718.061000
0.062000
0.082000
0.081000
0.083000
0.110000
0.119000
0.081000
0.102000
0.099000
0.114000
0.096000
0.096000
0.092000
0.107000
0.101000
0.094000
0.105000
0.085000
0.143000
0.079000
0.097000
0.091000
0.198000
0.109000
0.207000
0.193000
0.109000
0.104000
0.082000
0.111000
0.106000
0.088000
0.121000
0.075000
0.105000
0.101000
0.117000
0.079000
0.100000
0.100000
0.107000
0.084000
0.085000
0.110000
0.106000
0.100000
156.803000
0.087000
0.215000
0.092000
0.156000
0.061000
0.091000
0.101000
0.085000
0.096000
0.105000
0.114000
0.084000
0.121000
0.149000
0.049000
0.098000
0.089000
0.126000
0.097000
0.116000
0.070000
0.100000
0.105000
0.100000
0.079000
0.118000
0.084000
0.108000
0.102000
0.114000
0.085000
0.110000
0.173000
0.115000
1.888000
0.118000
0.095000
0.134000
0.066000
0.101000
0.080000
0.126000
0.101000
0.088000
0.103000
0.102000
0.121000
0.094000
0.185000
0.249000
0.066000
0.099000
0.192000
0.093000
0.097000
0.097000
0.095000
0.197000
0.098000
0.148000
0.086000
0.102000
0.117000
0.067000
0.179000
0.054000
0.074000
0.109000
0.091000
0.092000
0.119000
0.078000
0.118000
0.100000
0.097000
0.092000
0.097000
0.090000
0.110000
0.090000
0.102000
0.089000
0.102000
0.105000
0.133000
0.143000
0.137000
2.284000
0.143000
0.075000
0.100000
0.093000
0.115000
0.140000
0.078000
0.092000
0.071000
0.109000
0.098000
0.151000
0.061000
0.136000
0.078000
0.097000
0.080000
0.102000
0.114000
0.091000
0.106000
0.071000
0.118000
0.108000
0.091000
0.106000
0.090000
0.114000
0.069000
0.132000
0.094000
0.098000
0.108000
0.096000
0.130000
0.075000
18.685000
0.103000
0.195000
0.094000
0.113000
0.109000
0.092000
0.098000
0.119000
0.073000
0.409000
0.094000
0.116000
0.193000
0.149000
0.056000
0.224000
0.226000
0.086000
0.058000
0.108000
0.085000
0.095000
0.111000
0.102000
0.100000
0.096000
0.089000
0.110000
0.140000
0.099000
0.107000
0.066000
0.073000
0.099000
0.104000
0.107000
0.094000
0.109000
0.108000
0.125000
0.076000
0.091000
0.112000
0.094000
0.095000
0.143000
0.082000
0.062000
0.086000
0.124000
0.092000
16.118000
0.099000
0.202000
0.130000
0.078000
0.089000
0.112000
0.093000
0.096000
0.098000
0.092000
0.102000
0.125000
0.099000
0.176000
0.107000
0.100000
0.104000
0.101000
0.105000
0.084000
0.104000
0.111000
0.109000
0.072000
0.210000
0.105000
0.085000
0.129000
0.186000
0.217000
0.068000
0.113000
0.094000
0.101000
0.100000
7.483000
0.113000
0.096000
0.115000
0.215000
0.174000
0.087000
0.133000
0.147000
0.049000
0.089000
0.204000
0.118000
0.082000
0.101000
0.102000
0.092000
0.102000
0.109000
0.121000
0.083000
0.084000
0.108000
0.080000
0.125000
0.093000
0.089000
0.106000
0.099000
0.100000
0.105000
0.107000
0.094000
0.090000
0.108000
0.104000
0.088000
0.113000
0.110000
375.844000
0.148000
0.147000
0.073000
0.061000
0.124000
0.072000
0.103000
0.108000
0.117000
0.091000
0.118000
0.064000
0.107000
0.103000
0.093000
0.101000
0.103000
0.096000
0.111000
0.096000
24.194000
0.116000
0.112000
0.094000
0.076000
0.101000
0.103000
0.110000
0.103000
0.100000
0.097000
0.129000
0.170000
0.093000
0.196000
0.108000
0.106000
0.110000
0.077000
0.109000
0.097000
0.088000
0.107000
0.101000
0.105000
0.102000
0.107000
0.097000
0.102000
0.084000
0.085000
123.420000
0.106000
0.094000
0.135000
0.065000
0.104000
0.094000
0.119000
0.075000
0.103000
0.108000
0.085000
0.123000
0.091000
0.100000
0.104000
0.090000
0.105000
31.000000
0.101000
0.093000
0.102000
0.102000
0.102000
0.216000
0.186000
0.086000
0.220000
0.096000
0.097000
0.132000
0.060000
0.213000
0.088000
0.205000
0.107000
0.100000
0.102000
0.205000
0.102000
0.099000
0.079000
0.101000
0.116000
0.098000
0.090000
0.152000
0.073000
0.074000
0.129000
0.097000
102.074000
0.104000
0.101000
0.111000
0.107000
0.186000
0.207000
0.085000
0.212000
0.111000
0.073000
0.099000
0.106000
31.692000
0.105000
0.100000
0.104000
0.111000
0.073000
0.110000
0.104000
0.113000
0.080000
0.142000
0.076000
813.784000
0.113000
0.101000
0.097000
0.083000
0.105000
0.100000
0.096000
0.105000
0.110000
0.123000
0.115000
0.085000
0.095000
0.092000
0.111000
0.081000
0.086000
0.111000
0.201000
0.107000
0.098000
0.088000
0.103000
110.013000
0.099000
0.097000
0.078000
0.119000
0.110000
0.101000
0.135000
0.051000
0.100000
0.212000
0.082000
0.198000
0.108000
0.323000
0.266000
0.117000
0.137000
0.050000
0.110000
0.101000
6.897000
0.098000
0.113000
0.375000
0.104000
0.206000
0.100000
0.213000
0.077000
0.114000
0.095000
0.226000
0.112000
0.168000
0.193000
0.115000
0.095000
0.088000
0.206000
0.097000
