6
9
14
29
34
46
58
72
80
92
117
132
150
162
188
204
210
217
233
238
253
261
268
274
282
300
309
318
325
346
370
372
375
380
402
478
487
494
500
513
527
535
545
547
548
556
576
591
600
608
615
627
673
684
707
712
725
743
761
785
789
805
822
848
881
899
909
917
932
936
940
946
967
987
997
1015
1021
1042
1071
1074
1076
1077
1102
1125
1144
1176
1202
1216
1263
1298
1351
1388
1398
1440
1476
1515
1536
1567
1585
1618
1631
1643
1667
1688
