[[318 307  77 117]]
[[320 305  77 118]]
[[320 306  77 119]]
[[316 307  78 119]]
[[318 304  77 119]]
[[318 306  77 119]]
[[318 305  77 120]]
[[320 306  78 121]]
[[320 306  78 120]]
[[316 307  77 117]]
[[317 306  78 118]]
[[316 306  80 117]]
[[317 306  81 117]]
[[315 307  81 118]]
[[316 307  81 118]]
[[318 306  80 117]]
[[314 306  81 117]]
[[314 307  82 116]]
[[314 306  82 118]]
[[316 307  84 119]]
[[312 306  85 120]]
[[316 307  82 119]]
[[314 305  83 120]]
[[312 306  84 118]]
[[314 305  83 117]]
[[313 308  84 118]]
[[314 305  82 117]]
[[316 305  79 119]]
[[316 306  79 118]]
[[318 306  79 118]]
[[316 307  80 119]]
[[316 308  81 119]]
[[317 306  80 118]]
[[317 306  79 118]]
[[317 306  78 118]]
[[315 305  78 119]]
[[317 307  79 118]]
[[314 308  80 118]]
[[318 306  80 119]]
[[318 307  80 120]]
[[314 307  82 119]]
[[315 305  81 121]]
[[317 304  80 122]]
[[319 305  81 120]]
[[316 304  81 122]]
[[316 304  80 122]]
[[316 304  80 121]]
[[317 305  81 124]]
[[319 302  80 123]]
[[317 300  79 125]]
[[314 302  79 123]]
[[316 303  81 125]]
[[317 302  80 125]]
[[319 303  82 127]]
[[316 308  81 123]]
[[318 302  81 123]]
[[311 305  83 121]]
[[316 302  82 124]]
[[314 304  84 124]]
[[316 303  83 127]]
[[314 304  83 126]]
[[319 305  80 123]]
[[317 302  79 124]]
[[317 303  81 122]]
[[315 305  83 122]]
[[314 304  84 122]]
[[312 307  84 121]]
[[318 308  79 117]]
[[315 309  82 116]]
[[317 310  82 110]]
[[316 307  81 115]]
[[317 309  80 113]]
[[315 308  80 113]]
[[316 310  82 115]]
[[314 311  82 113]]
[[313 307  82 112]]
[[316 308  81 115]]
[[318 308  81 114]]
[[315 308  82 115]]
[[315 309  83 115]]
[[314 310  82 114]]
[[316 309  83 116]]
[[316 309  83 115]]
[[317 310  82 114]]
[[315 310  83 113]]
[[317 310  84 115]]
[[312 307  85 117]]
[[316 309  83 115]]
[[320 309  79 117]]
[[318 311  81 115]]
[[318 310  81 116]]
[[317 311  81 117]]
[[319 310  80 116]]
[[319 309  81 116]]
[[319 310  80 118]]
[[318 308  81 118]]
[[321 309  80 120]]
[[320 308  80 119]]
[[321 311  82 119]]
[[321 310  81 120]]
[[320 310  81 121]]
[[322 311  81 120]]
[[319 310  83 120]]
[[318 310  82 118]]
[[320 308  83 124]]
[[319 308  83 123]]
[[319 311  84 123]]
[[320 308  83 123]]
[[319 311  84 124]]
[[320 312  80 122]]
[[320 311  83 124]]
[[323 310  80 123]]
[[325 311  80 125]]
[[323 311  79 124]]
[[324 311  79 122]]
[[324 314  78 120]]
[[322 313  79 122]]
[[302 288  78 121]]
[[303 288  78 121]]
[[301 289  78 121]]
[[302 288  79 120]]
[[301 289  79 122]]
[[301 290  79 122]]
[[303 289  79 121]]
[[302 290  80 121]]
[[303 291  80 120]]
[[301 291  79 121]]
[[300 294  80 121]]
[[300 292  80 120]]
[[302 292  80 121]]
[[301 290  80 122]]
[[303 291  80 122]]
[[301 291  79 122]]
[[302 291  81 123]]
[[304 291  78 124]]
[[301 293  81 123]]
[[298 295  81 122]]
[[299 296  80 121]]
[[301 294  80 122]]
[[299 297  82 121]]
[[301 297  79 123]]
[[302 297  79 123]]
[[300 296  81 123]]
[[302 299  79 122]]
[[300 299  79 122]]
[[302 298  79 123]]
[[299 299  80 123]]
[[303 300  79 124]]
[[302 299  80 122]]
[[303 298  79 123]]
[[302 301  80 122]]
[[303 302  80 123]]
[[304 302  81 122]]
[[305 307  78 121]]
[[305 305  79 121]]
[[305 303  78 122]]
[[303 305  77 122]]
[[306 307  77 119]]
[[305 308  77 120]]
[[305 306  78 119]]
[[305 308  79 119]]
[[305 308  80 122]]
[[304 306  80 122]]
[[304 307  79 123]]
[[301 308  81 123]]
[[304 308  81 123]]
[[299 312  82 122]]
[[299 313  83 124]]
[[301 309  82 126]]
[[300 313  83 125]]
[[299 313  84 124]]
[[297 315  83 124]]
[[298 313  85 125]]
[[297 313  84 125]]
[[299 318  83 124]]
[[301 318  81 125]]
[[301 316  80 124]]
[[302 316  80 124]]
[[302 319  79 126]]
[[302 319  80 127]]
[[299 320  82 125]]
[[304 315  80 130]]
[[300 317  81 128]]
[[306 320  78 123]]
[[307 321  78 123]]
[[307 324  77 122]]
[[304 321  80 124]]
[[303 323  80 125]]
[[303 324  81 124]]
[[301 327  81 124]]
[[300 324  81 125]]
[[301 326  82 123]]
[[299 327  83 128]]
[[300 326  82 127]]
[[300 327  82 129]]
[[299 331  81 127]]
[[296 329  84 129]]
[[301 326  84 130]]
[[302 335  79 124]]
[[301 337  80 125]]
[[301 337  79 125]]
[[302 334  78 125]]
[[299 337  79 125]]
[[298 338  80 127]]
[[298 338  80 128]]
[[299 339  79 127]]
[[297 339  80 127]]
[[296 340  80 128]]
[[295 340  81 127]]
[[295 343  82 127]]
[[297 345  81 123]]
[[296 343  81 130]]
[[297 340  81 129]]
[[300 345  82 128]]
[[300 347  81 128]]
[[295 344  83 129]]
[[294 346  82 128]]
[[295 344  82 130]]
[[296 348  82 127]]
[[295 348  84 128]]
[[294 349  84 129]]
[[290 346  85 129]]
[[293 350  84 129]]
[[292 347  86 130]]
[[295 351  84 128]]
[[298 351  82 129]]
[[295 352  83 131]]
[[294 351  84 131]]
[[294 352  83 131]]
[[295 354  84 128]]
[[297 353  81 130]]
[[297 357  81 131]]
[[297 358  81 128]]
[[297 359  81 128]]
[[296 362  81 129]]
[[296 358  80 130]]
[[298 360  80 130]]
[[299 361  78 131]]
[[299 363  79 130]]
[[299 356  78 132]]
[[300 364  80 132]]
[[302 363  78 131]]
[[299 362  78 133]]
[[301 365  78 133]]
[[301 364  77 134]]
[[299 367  79 133]]
[[301 366  77 135]]
[[296 370  84 133]]
[[297 364  84 134]]
[[295 366  84 134]]
[[296 368  85 133]]
[[295 368  85 133]]
[[296 371  84 133]]
[[298 372  84 132]]
[[297 373  83 132]]
[[293 373  83 131]]
[[295 375  83 129]]
[[297 375  81 131]]
[[298 376  81 132]]
[[296 376  82 130]]
[[ 85  17 558 562]]
[[ 91  79 564 562]]
[[ 92  78 558 560]]
[[137  56 562 564]]
[[ 99  79 561 563]]
[[ 97  79 561 563]]
[[ 93  73 556 567]]
[[ 94  73 554 566]]
[[136  75 556 570]]
[[ 96  80 555 560]]
[[334 321  80 115]]
[[331 318  79 115]]
[[332 318  80 115]]
[[335 319  79 118]]
[[335 321  80 115]]
[[334 320  79 120]]
[[332 317  80 121]]
[[334 320  79 120]]
[[335 317  79 121]]
[[335 316  79 122]]
[[334 319  79 118]]
[[334 321  79 119]]
[[334 318  79 119]]
[[334 319  80 119]]
[[334 318  80 121]]
[[331 317  79 121]]
[[337 321  77 115]]
[[334 320  78 115]]
[[336 323  77 115]]
[[334 320  77 116]]
[[336 322  77 114]]
[[333 320  78 115]]
[[337 323  76 115]]
[[335 322  78 116]]
[[333 321  79 114]]
[[335 319  76 116]]
[[335 319  77 119]]
[[336 319  77 117]]
[[333 321  76 116]]
[[333 317  76 118]]
[[337 316  77 119]]
[[335 320  75 114]]
[[335 320  74 115]]
[[334 320  75 116]]
[[337 321  74 114]]
[[334 321  75 115]]
[[337 318  71 116]]
[[334 320  76 116]]
[[334 321  76 115]]
[[336 320  76 114]]
[[336 322  73 115]]
[[337 321  73 116]]
[[338 321  73 115]]
[[336 319  76 115]]
[[334 322  76 112]]
[[335 322  76 112]]
[[334 323  78 111]]
[[335 322  77 112]]
[[336 322  77 114]]
[[336 323  76 114]]
[[334 322  77 113]]
[[337 322  77 111]]
[[334 320  76 114]]
[[338 323  75 111]]
[[337 322  75 113]]
[[335 322  77 112]]
[[336 323  74 112]]
[[337 321  74 112]]
[[334 322  79 114]]
[[335 322  79 114]]
[[337 321  77 115]]
[[335 323  78 111]]
[[335 321  78 111]]
[[335 322  79 112]]
[[336 325  74 110]]
[[336 323  76 110]]
[[337 322  75 110]]
[[337 321  76 114]]
[[336 322  76 115]]
[[336 324  75 113]]
[[338 324  72 109]]
[[335 323  73 110]]
[[335 321  77 112]]
[[335 323  75 111]]
[[336 324  75 113]]
[[338 322  74 112]]
[[336 324  75 112]]
[[335 320  75 113]]
[[335 322  76 112]]
[[336 321  76 113]]
[[340 325  75 110]]
[[337 322  73 115]]
[[335 323  73 113]]
[[338 321  74 114]]
[[337 323  74 114]]
[[338 324  74 112]]
[[338 322  75 111]]
[[340 323  72 114]]
[[340 324  72 114]]
[[340 321  71 115]]
[[340 322  71 114]]
[[342 323  72 114]]
[[341 322  71 114]]
[[339 321  71 114]]
[[341 321  74 116]]
[[343 323  72 114]]
[[339 325  76 111]]
[[339 325  75 110]]
[[340 326  75 112]]
[[338 325  76 112]]
[[339 327  75 109]]
[[336 325  75 110]]
[[339 328  76 108]]
[[338 324  76 117]]
[[340 328  76 116]]
[[340 322  75 117]]
[[339 324  77 118]]
[[339 326  76 117]]
[[339 325  76 117]]
[[341 324  77 118]]
[[341 327  74 117]]
[[341 325  76 117]]
[[342 325  78 121]]
[[341 327  77 121]]
[[341 325  76 121]]
[[341 326  76 122]]
[[342 326  76 120]]
[[342 327  76 124]]
[[342 325  75 120]]
[[339 327  76 122]]
[[342 328  75 122]]
[[341 324  77 121]]
[[342 329  77 122]]
[[342 328  77 122]]
[[343 329  77 122]]
[[345 328  76 123]]
[[341 330  78 123]]
[[343 329  77 124]]
[[342 326  78 125]]
[[343 330  76 123]]
[[346 329  76 124]]
[[342 333  77 122]]
[[341 332  77 121]]
[[342 333  78 121]]
[[340 331  78 122]]
[[343 332  73 125]]
[[343 335  75 124]]
[[344 332  73 124]]
[[345 333  74 123]]
[[344 335  75 123]]
[[342 336  74 123]]
[[344 336  74 123]]
[[346 334  73 125]]
[[348 334  73 126]]
[[346 336  74 123]]
[[344 341  73 119]]
[[347 336  73 125]]
[[343 337  74 124]]
[[344 339  75 122]]
[[343 342  76 122]]
[[344 342  74 119]]
[[344 340  73 126]]
[[344 340  73 125]]
[[345 341  74 124]]
[[348 341  73 125]]
[[347 341  74 125]]
[[345 343  74 126]]
[[345 343  75 125]]
[[347 343  74 125]]
[[346 344  74 124]]
[[347 343  75 127]]
[[347 341  75 126]]
[[348 343  74 126]]
[[346 346  74 128]]
[[344 346  74 121]]
[[346 347  74 125]]
[[348 347  73 125]]
[[346 349  74 124]]
[[348 350  69 124]]
[[347 352  70 124]]
[[350 352  69 124]]
[[349 352  69 124]]
[[349 352  70 125]]
[[352 352  68 127]]
[[351 354  67 123]]
[[351 352  67 125]]
[[350 353  69 124]]
[[353 356  67 126]]
[[353 353  67 124]]
[[347 354  72 128]]
[[349 356  72 126]]
[[350 356  72 126]]
[[348 355  73 126]]
[[351 357  72 126]]
[[351 356  71 128]]
[[350 357  72 128]]
[[351 357  72 128]]
[[353 357  72 131]]
[[351 359  72 128]]
[[350 356  72 128]]
[[352 363  71 127]]
[[351 362  70 130]]
[[347 360  70 129]]
[[343 365  76 126]]
[[349 365  77 126]]
[[346 363  76 127]]
[[342 363  73 128]]
[[344 363  73 127]]
[[344 367  75 126]]
[[345 371  73 126]]
[[344 367  73 125]]
[[344 368  73 125]]
[[345 369  73 126]]
[[341 372  74 128]]
[[346 372  72 124]]
[[342 375  72 124]]
[[341 377  74 127]]
[[342 378  74 127]]
[[342 378  75 126]]
[[344 378  75 129]]
[[338 376  75 130]]
[[342 376  74 129]]
[[339 376  75 129]]
[[342 382  74 129]]
[[342 378  74 130]]
[[338 378  76 134]]
[[336 382  76 133]]
[[338 380  76 130]]
[[338 378  76 130]]
[[345 388  67 121]]
[[341 386  67 122]]
[[343 389  68 123]]
[[344 388  65 122]]
[[343 389  66 121]]
[[343 390  66 120]]
[[347 393  66 119]]
[[345 392  69 128]]
[[343 390  69 126]]
[[344 395  69 127]]
[[346 394  69 127]]
[[346 398  70 128]]
[[347 395  69 129]]
[[346 395  69 130]]
[[345 394  69 130]]
[[345 396  70 130]]
[[347 394  69 129]]
[[344 394  70 130]]
[[344 395  70 129]]
[[346 398  72 129]]
[[346 401  72 129]]
[[343 397  72 130]]
[[347 401  71 130]]
[[347 401  72 129]]
[[346 403  72 128]]
[[350 402  71 129]]
[[328 311  91 123]]
[[329 303  78 118]]
[[332 305  78 117]]
[[328 303  79 118]]
[[329 303  79 120]]
[[331 301  78 118]]
[[330 299  79 118]]
[[328 304  81 116]]
[[332 307  82 116]]
[[302 314  83 118]]
[[302 318  83 117]]
[[303 317  83 118]]
[[302 318  83 119]]
[[302 317  84 117]]
[[301 312  84 118]]
[[300 318  84 114]]
[[300 320  86 115]]
[[301 316  86 113]]
[[320 314  70 117]]
[[322 317  70 117]]
[[321 316  69 114]]
[[323 313  69 117]]
[[319 316  72 115]]
[[319 315  72 115]]
[[327 308  72 108]]
[[330 308  72 108]]
[[326 310  72 106]]
[[327 308  73 106]]
[[326 309  73 106]]
[[327 310  72 105]]
[[326 309  73 104]]
[[327 312  74 104]]
[[325 311  74 106]]
[[325 313  87 120]]
[[318 302  83 117]]
[[318 302  83 117]]
[[317 303  83 117]]
[[321 302  83 118]]
[[313 302  84 117]]
[[316 305  82 114]]
[[318 302  84 118]]
[[317 302  83 118]]
[[318 303  84 116]]
[[319 302  82 117]]
[[317 305  84 114]]
[[316 300  86 119]]
[[316 302  86 118]]
[[315 298  85 121]]
[[314 298  85 121]]
[[320 298  84 120]]
[[317 300  84 118]]
[[317 301  84 119]]
[[319 301  83 120]]
[[316 302  85 118]]
[[319 302  82 118]]
[[317 301  82 117]]
[[321 302  82 117]]
[[318 300  82 117]]
[[316 302  84 116]]
[[317 301  83 119]]
[[317 300  83 120]]
[[319 300  82 119]]
[[316 301  83 117]]
[[320 301  83 119]]
[[318 301  83 119]]
[[316 299  85 121]]
[[318 301  83 121]]
[[316 299  86 119]]
[[319 299  84 119]]
[[318 301  84 120]]
[[314 304  87 116]]
[[317 300  84 119]]
[[316 299  84 121]]
[[319 302  83 118]]
[[315 299  85 118]]
[[316 303  85 117]]
[[317 300  86 119]]
[[317 302  87 119]]
[[315 299  87 119]]
[[315 298  86 119]]
[[317 298  86 117]]
[[318 301  85 121]]
[[320 299  82 121]]
[[315 300  86 120]]
[[316 297  86 121]]
[[318 297  85 122]]
[[318 301  84 119]]
[[315 298  83 120]]
[[317 301  84 118]]
[[320 287  65 109]]
[[320 286  63 110]]
[[323 288  62 110]]
[[322 287  63 110]]
[[323 288  62 108]]
[[321 287  61 108]]
[[322 289  62 107]]
[[323 287  61 109]]
[[322 286  62 107]]
[[327 290  60 106]]
[[321 288  62 107]]
[[321 288  61 107]]
[[321 289  63 107]]
[[320 288  63 109]]
[[321 289  63 106]]
[[322 288  62 107]]
[[321 290  62 107]]
[[321 287  63 109]]
[[322 286  62 110]]
[[323 287  61 109]]
[[325 287  61 109]]
[[326 313  73 112]]
[[325 310  73 113]]
[[327 313  73 111]]
[[324 311  73 115]]
[[327 313  73 112]]
[[327 312  73 112]]
[[325 314  74 110]]
[[326 314  72 110]]
[[326 313  73 112]]
[[327 310  71 113]]
[[326 312  71 112]]
[[327 312  73 112]]
[[325 312  73 111]]
[[328 312  72 112]]
[[327 315  68 111]]
[[325 310  69 110]]
[[323 310  74 110]]
[[327 315  72 110]]
[[324 312  72 110]]
[[326 312  73 109]]
[[326 315  73 110]]
[[326 314  73 110]]
[[326 315  72 109]]
[[321 307  89 121]]
[[322 310  89 121]]
[[322 310  88 119]]
[[319 305  90 121]]
[[320 306  90 123]]
[[322 308  89 121]]
[[322 305  89 121]]
[[321 307  89 121]]
[[323 307  88 121]]
[[317 308  90 121]]
[[321 308  88 120]]
[[318 304  91 125]]
[[319 305  91 125]]
[[321 305  91 123]]
[[321 305  90 125]]
[[320 306  91 124]]
[[324 306  88 125]]
[[323 306  90 124]]
[[320 306  91 123]]
[[319 303  91 125]]
[[320 307  91 124]]
[[320 304  89 127]]
[[321 304  89 127]]
[[319 304  89 127]]
[[320 304  89 125]]
[[319 304  90 124]]
[[318 304  90 125]]
[[321 303  90 126]]
[[320 305  90 125]]
[[319 305  89 124]]
[[322 305  90 127]]
[[320 305  90 127]]
[[319 304  90 128]]
[[322 303  90 127]]
[[323 305  89 127]]
[[323 304  88 128]]
[[323 304  87 126]]
[[322 307  86 126]]
[[321 304  86 125]]
[[320 304  88 126]]
[[321 302  89 127]]
[[321 305  88 127]]
[[320 304  89 126]]
[[353 302  65 122]]
[[349 300  65 122]]
[[353 302  65 122]]
[[355 303  66 123]]
[[353 302  64 121]]
[[352 302  68 122]]
[[354 304  63 120]]
[[354 303  63 120]]
[[354 303  63 121]]
[[354 302  62 121]]
[[354 302  62 121]]
[[355 305  62 120]]
[[354 300  61 121]]
[[350 299  69 123]]
[[354 300  61 121]]
[[353 304  68 122]]
[[351 302  68 122]]
[[352 301  69 121]]
[[351 302  68 123]]
[[350 300  68 123]]
[[351 300  68 124]]
[[351 299  68 122]]
[[351 303  68 119]]
[[351 303  69 119]]
[[351 305  69 118]]
[[349 302  69 121]]
[[351 304  69 120]]
[[349 304  69 120]]
[[351 305  69 118]]
[[350 304  69 118]]
[[352 304  68 117]]
[[348 306  69 117]]
[[350 307  68 116]]
[[351 305  68 115]]
[[352 306  68 116]]
[[351 306  68 115]]
[[350 307  68 116]]
[[350 306  69 116]]
[[350 306  70 117]]
[[347 307  70 117]]
[[350 306  69 120]]
[[352 304  66 119]]
[[354 304  65 119]]
[[352 303  66 119]]
[[351 304  66 120]]
[[353 305  65 119]]
[[352 305  68 119]]
[[355 303  65 121]]
[[353 303  64 120]]
[[355 303  64 121]]
[[350 300  64 122]]
[[350 300  64 120]]
[[350 304  66 118]]
[[348 303  66 118]]
[[351 303  67 119]]
[[352 304  67 120]]
[[350 302  67 121]]
[[349 301  67 119]]
[[349 301  68 119]]
[[349 304  68 118]]
[[349 302  68 121]]
[[351 303  67 120]]
[[351 303  68 120]]
[[351 302  68 120]]
[[348 301  68 120]]
[[351 305  68 120]]
[[348 298  67 121]]
[[350 303  65 118]]
[[348 300  70 124]]
[[350 303  69 122]]
[[351 301  69 122]]
[[348 299  70 125]]
[[344 300  70 122]]
[[347 297  68 124]]
[[349 296  67 126]]
[[350 300  72 126]]
[[349 301  72 125]]
[[345 297  72 124]]
[[347 298  73 126]]
[[349 302  74 122]]
[[347 300  72 122]]
[[347 299  73 123]]
[[349 302  72 122]]
[[344 299  73 124]]
[[347 300  75 123]]
[[345 300  74 122]]
[[344 299  73 122]]
[[344 300  74 122]]
[[351 302  74 123]]
[[347 298  73 123]]
[[350 303  72 123]]
[[353 304  72 122]]
[[352 303  72 123]]
[[347 301  70 125]]
[[349 302  71 123]]
[[352 305  70 124]]
[[346 301  72 122]]
[[354 306  69 126]]
[[350 299  69 126]]
[[351 302  69 125]]
[[356 302  68 126]]
[[350 302  70 122]]
[[352 305  71 121]]
[[354 305  70 120]]
[[352 305  70 119]]
[[355 307  69 118]]
[[355 310  68 118]]
[[353 309  68 120]]
[[352 305  69 119]]
[[351 310  70 118]]
[[354 307  69 120]]
[[353 309  73 122]]
[[355 308  72 121]]
[[356 310  73 122]]
[[355 307  70 126]]
[[354 304  68 127]]
[[353 305  69 126]]
[[350 306  69 127]]
[[351 306  68 126]]
[[356 307  69 127]]
[[357 310  68 126]]
[[353 306  70 128]]
[[356 307  69 127]]
[[360 310  68 127]]
[[356 310  68 126]]
[[352 309  69 127]]
[[359 309  70 127]]
[[362 312  69 126]]
[[360 312  70 127]]
[[354 309  71 127]]
[[359 313  70 126]]
[[358 313  69 125]]
[[407 320  69 126]]
[[407 322  70 125]]
[[405 319  69 126]]
[[405 322  69 126]]
[[409 321  70 127]]
[[408 319  69 128]]
[[408 322  69 128]]
[[404 322  77 128]]
[[404 323  76 127]]
[[405 321  77 128]]
[[404 325  76 127]]
[[405 324  76 127]]
[[406 324  76 128]]
[[407 325  77 126]]
[[405 327  76 126]]
[[409 325  75 130]]
[[410 327  74 130]]
[[408 325  74 131]]
[[409 326  74 131]]
[[411 328  74 131]]
[[409 330  74 130]]
[[409 328  74 130]]
[[410 330  76 127]]
[[410 330  77 127]]
[[410 330  76 130]]
[[410 330  76 130]]
[[412 329  75 131]]
[[411 333  76 129]]
[[412 330  76 128]]
[[414 335  77 128]]
[[414 333  78 128]]
[[415 334  75 131]]
[[413 332  75 133]]
[[414 332  75 132]]
[[416 333  74 130]]
[[415 338  74 129]]
[[416 337  75 130]]
[[416 340  73 131]]
[[416 339  72 128]]
[[416 342  72 129]]
[[420 341  73 130]]
[[416 343  74 128]]
[[417 341  74 129]]
[[419 339  73 131]]
[[315 313  83 120]]
[[316 313  82 118]]
[[313 312  83 118]]
[[312 315  85 119]]
[[314 313  85 119]]
[[313 312  85 120]]
[[314 314  84 117]]
[[312 314  87 117]]
[[313 311  87 119]]
[[312 316  88 117]]
[[312 316  89 116]]
[[314 314  87 116]]
[[312 316  88 116]]
[[312 315  89 117]]
[[313 313  90 118]]
[[312 314  88 117]]
[[311 313  88 116]]
[[313 313  89 117]]
[[312 316  88 115]]
[[314 317  88 116]]
[[314 315  89 115]]
[[313 314  86 118]]
[[312 314  86 117]]
[[313 315  87 117]]
[[314 315  86 118]]
[[313 315  88 117]]
[[314 314  87 116]]
[[315 315  85 116]]
[[314 316  86 116]]
[[313 316  85 115]]
[[315 315  85 116]]
[[315 317  85 115]]
[[313 314  84 115]]
[[313 315  84 114]]
[[317 316  82 115]]
[[313 318  82 114]]
[[314 315  85 117]]
[[312 316  82 118]]
[[309 317  85 116]]
[[314 315  84 116]]
[[314 318  83 115]]
[[312 315  86 119]]
[[309 314  87 121]]
[[309 314  87 119]]
[[309 316  88 118]]
[[310 314  86 117]]
[[314 315  86 117]]
[[312 316  86 115]]
[[313 314  86 115]]
[[312 314  85 117]]
[[313 314  86 117]]
[[313 317  85 116]]
[[313 317  85 117]]
[[314 316  86 114]]
[[313 314  84 118]]
[[313 314  84 118]]
[[317 311  83 120]]
[[312 316  83 118]]
[[313 315  83 118]]
[[314 315  83 117]]
[[313 316  83 118]]
[[311 316  83 118]]
[[312 313  84 119]]
[[315 314  81 117]]
[[315 317  81 116]]
[[315 314  81 117]]
[[315 318  82 117]]
[[315 315  83 116]]
[[315 316  82 115]]
[[316 310  81 122]]
[[316 311  80 123]]
[[317 312  80 120]]
[[317 312  81 122]]
[[316 313  81 121]]
[[318 312  80 121]]
[[313 314  80 120]]
[[313 316  82 120]]
[[313 309  80 127]]
[[314 314  83 122]]
[[321 312  79 126]]
[[317 310  79 125]]
[[312 311  88 122]]
[[311 313  88 124]]
[[314 310  89 124]]
[[313 310  88 125]]
[[313 314  88 121]]
[[313 312  88 123]]
[[313 312  87 125]]
[[313 314  88 124]]
[[312 315  87 124]]
[[314 316  87 125]]
[[315 311  86 125]]
[[316 313  86 124]]
[[310 317  88 124]]
[[315 314  88 124]]
[[316 313  88 122]]
[[316 311  89 124]]
[[311 317  89 124]]
[[315 314  89 124]]
[[317 314  88 124]]
[[314 316  88 124]]
[[318 314  88 124]]
[[315 318  88 124]]
[[312 315  89 124]]
[[313 315  90 124]]
[[313 316  87 124]]
[[317 318  88 124]]
[[317 320  88 123]]
[[316 316  89 125]]
[[313 319  87 122]]
[[314 317  89 125]]
[[317 316  89 126]]
[[317 316  88 127]]
[[316 315  90 125]]
[[315 321  89 125]]
[[313 319  89 124]]
[[317 319  89 126]]
[[317 320  89 124]]
[[318 317  89 127]]
[[315 320  86 123]]
[[318 320  86 125]]
[[320 321  86 125]]
[[319 324  86 124]]
[[319 321  87 125]]
[[321 320  85 126]]
[[323 320  85 126]]
[[321 322  85 127]]
[[320 321  85 127]]
[[319 322  84 127]]
[[324 329  87 118]]
[[322 331  86 121]]
[[324 328  86 122]]
[[319 330  86 122]]
[[325 328  84 125]]
[[315 332  88 122]]
[[319 332  85 120]]
[[321 332  88 122]]
[[319 333  87 122]]
[[318 336  88 122]]
[[322 332  85 123]]
[[321 336  86 124]]
[[322 334  86 124]]
[[321 335  85 123]]
[[321 336  86 125]]
[[317 338  86 124]]
[[319 338  85 124]]
[[322 340  85 123]]
[[321 337  85 123]]
[[319 341  87 124]]
[[322 339  88 124]]
[[320 341  88 124]]
[[323 341  87 124]]
[[325 342  88 124]]
[[325 337  88 123]]
[[322 342  88 125]]
[[318 342  87 126]]
[[321 338  87 121]]
[[323 338  86 121]]
[[324 339  85 122]]
[[321 338  87 121]]
[[355 317 101 166]]
[[352 315 102 162]]
[[355 318 101 165]]
[[355 312 100 166]]
[[355 317 100 166]]
[[354 315 101 165]]
[[353 317 101 165]]
[[355 312 100 169]]
[[357 318  99 165]]
[[353 313 101 164]]
[[356 319  99 164]]
[[355 316  99 163]]
[[357 321 100 162]]
[[358 317  99 164]]
[[354 315  99 162]]
[[352 316  99 163]]
[[355 319  98 164]]
[[355 317  99 164]]
[[352 313  98 165]]
[[358 318  95 161]]
[[355 314  99 165]]
[[356 317  97 166]]
[[355 317  98 167]]
[[358 316  96 166]]
[[355 312  97 167]]
[[355 317  95 163]]
[[355 315  95 164]]
[[357 316  96 165]]
[[358 316  95 164]]
[[357 317  95 166]]
[[356 317  97 167]]
[[358 315  97 166]]
[[355 311  98 170]]
[[355 317  97 160]]
[[356 315  97 168]]
[[356 314  98 168]]
[[358 313  97 167]]
[[357 316  96 168]]
[[352 315  99 168]]
[[360 315  96 167]]
[[356 318  95 166]]
[[357 316  97 168]]
[[358 316  97 166]]
[[354 310  96 170]]
[[358 316  97 169]]
[[354 316  98 167]]
[[243 296 229 238]]
[[249 297 225 236]]
[[243 297 233 239]]
[[244 295 232 238]]
[[239 295 232 239]]
[[239 292 233 241]]
[[242 295 228 240]]
[[246 293 227 241]]
[[238 296 231 241]]
[[242 298 230 240]]
[[242 296 230 234]]
[[247 294 232 244]]
[[245 304 224 227]]
[[245 301 224 226]]
[[246 303 223 225]]
[[250 305 222 223]]
[[240 295 236 240]]
[[242 297 235 240]]
[[242 292 235 242]]
[[243 292 235 243]]
[[240 298 237 238]]
[[236 294 230 239]]
[[212 299 229 238]]
[[215 300 230 238]]
[[213 299 234 242]]
[[210 299 238 240]]
[[208 300 236 240]]
[[214 297 236 240]]
[[206 296 237 241]]
[[240 295 237 238]]
[[206 299 238 239]]
[[207 298 237 240]]
[[213 295 233 243]]
[[207 294 234 246]]
[[215 294 233 244]]
[[203 294 233 246]]
[[215 296 232 241]]
[[242 293 234 245]]
[[204 293 236 243]]
[[240 292 230 246]]
[[208 298 230 239]]
[[219 295 228 240]]
[[241 294 232 236]]
[[207 298 233 236]]
[[223 295 231 239]]
[[244 294 229 242]]
[[245 295 229 240]]
[[242 296 231 240]]
[[239 296 230 238]]
[[241 294 230 242]]
[[234 297 245 242]]
[[210 303 235 230]]
[[233 289 239 248]]
[[239 289 239 247]]
[[235 289 242 246]]
[[242 290 237 248]]
[[239 291 236 247]]
[[237 293 232 245]]
[[219 291 236 251]]
[[239 286 234 253]]
[[211 291 237 248]]
[[201 286 238 240]]
[[205 288 238 240]]
[[203 293 238 239]]
[[199 288 239 242]]
[[203 293 239 245]]
[[203 283 237 247]]
[[203 292 238 245]]
[[206 292 238 238]]
[[200 285 238 239]]
[[202 287 238 238]]
[[202 288 237 237]]
[[202 287 240 235]]
[[202 292 239 236]]
[[214 301 241 237]]
[[203 288 242 236]]
[[201 299 243 236]]
[[200 290 241 232]]
[[201 292 240 233]]
[[200 296 238 232]]
[[204 280 234 246]]
[[200 283 239 249]]
[[205 289 236 246]]
[[202 286 236 250]]
[[212 289 234 249]]
[[207 288 232 249]]
[[210 290 231 249]]
[[215 286 229 251]]
[[193 285 249 238]]
[[198 289 249 239]]
[[192 288 250 237]]
[[192 285 250 238]]
[[196 298 250 236]]
[[195 291 249 231]]
[[201 300 248 238]]
[[233 289 250 242]]
[[199 284 249 239]]
[[197 296 248 241]]
[[197 299 244 240]]
[[198 295 242 240]]
[[196 297 243 240]]
[[199 287 241 240]]
[[202 292 244 241]]
[[197 287 244 241]]
[[207 292 242 244]]
[[199 294 240 242]]
[[196 298 241 241]]
[[208 293 239 245]]
[[206 292 241 245]]
[[202 295 244 245]]
[[204 301 247 238]]
[[200 296 246 238]]
[[203 297 245 239]]
[[196 300 246 233]]
[[197 293 247 238]]
[[201 295 246 244]]
[[168 318 245 239]]
[[173 303 247 239]]
[[167 305 246 240]]
[[200 295 248 237]]
[[198 292 243 238]]
[[197 296 241 238]]
[[202 294 243 236]]
[[204 294 243 235]]
[[219 286 241 242]]
[[196 289 246 243]]
[[203 290 246 244]]
[[202 289 244 242]]
[[209 287 247 243]]
[[202 286 245 246]]
[[185 288 252 246]]
[[209 287 240 246]]
[[206 293 246 245]]
[[201 286 245 244]]
[[200 290 244 242]]
[[202 287 246 244]]
[[205 293 249 245]]
[[201 284 249 245]]
[[188 286 243 241]]
[[191 285 242 242]]
[[196 290 247 241]]
[[187 284 242 243]]
[[189 292 245 244]]
[[182 305 245 247]]
[[202 290 245 247]]
[[189 301 244 246]]
[[119 332 246 246]]
[[137 327 246 246]]
[[169 305 246 248]]
[[219 256 246 247]]
[[188 272 246 248]]
[[182 287 247 248]]
[[189 292 250 246]]
[[182 284 250 245]]
[[187 291 249 244]]
[[183 291 251 246]]
[[195 298 250 246]]
[[189 293 248 246]]
[[206 300 249 245]]
[[178 305 249 246]]
[[199 296 246 246]]
[[192 291 243 240]]
[[194 295 246 240]]
[[197 295 244 242]]
[[185 297 248 240]]
[[202 304 243 240]]
[[187 310 246 240]]
[[180 302 244 243]]
[[186 305 244 238]]
[[179 306 246 239]]
[[187 300 243 234]]
[[203 309 242 238]]
[[188 308 241 240]]
[[192 300 239 242]]
[[198 303 242 241]]
[[189 304 242 241]]
[[197 305 241 239]]
[[189 301 241 238]]
[[195 308 244 243]]
[[193 321 243 243]]
[[195 310 243 243]]
[[196 319 241 244]]
[[200 328 246 240]]
[[191 318 241 243]]
[[201 322 240 240]]
[[191 325 245 240]]
[[194 324 246 244]]
[[211 321 245 243]]
[[207 321 244 243]]
[[189 325 242 239]]
[[202 327 252 234]]
[[211 326 250 236]]
[[187 324 242 240]]
[[193 329 240 241]]
[[187 328 241 242]]
[[204 328 242 239]]
[[204 323 244 239]]
[[220 339 238 244]]
[[202 343 245 244]]
[[193 332 239 238]]
[[188 346 244 239]]
[[198 346 246 239]]
[[207 343 241 237]]
[[198 344 244 240]]
[[212 341 245 237]]
[[203 352 247 239]]
[[206 340 244 238]]
[[200 330 251 232]]
[[203 331 244 236]]
[[204 336 251 253]]
[[198 333 252 236]]
[[183 332 254 231]]
[[197 329 253 255]]
[[  2 442 256 239]]
[[-10 446 256 239]]
[[131 272 251 234]]
[[164 283 251 234]]
[[171 280 253 237]]
[[154 286 251 238]]
[[162 282 251 239]]
[[186 296 251 240]]
[[164 296 255 234]]
[[172 282 253 239]]
[[161 284 255 238]]
[[175 291 255 238]]
[[177 289 254 237]]
[[177 301 248 238]]
[[179 317 248 231]]
[[189 307 249 230]]
[[190 306 245 228]]
[[190 305 243 232]]
[[171 286 247 231]]
[[184 302 251 236]]
[[191 298 246 233]]
[[190 298 244 233]]
[[182 307 245 232]]
[[175 293 246 228]]
[[267 220 253 226]]
[[240 241 253 226]]
[[234 238 255 228]]
[[243 244 253 225]]
[[242 243 248 228]]
[[238 243 249 228]]
[[241 237 253 233]]
[[242 244 252 234]]
[[245 237 252 232]]
[[229 233 254 235]]
[[237 244 251 224]]
[[244 238 251 237]]
[[241 236 252 240]]
[[237 242 251 236]]
[[239 237 250 234]]
[[243 244 252 223]]
[[281 289 255 224]]
[[280 291 255 224]]
[[281 289 254 224]]
[[280 289 255 224]]
[[279 289 252 225]]
[[281 289 256 223]]
[[281 290 255 222]]
[[273 294 257 222]]
[[280 294 257 218]]
[[297 286 255 225]]
[[276 285 254 223]]
[[281 290 248 224]]
[[280 294 252 222]]
[[279 292 261 221]]
[[277 292 263 222]]
[[273 290 261 224]]
[[278 295 262 224]]
[[279 290 261 223]]
[[283 291 260 221]]
[[280 291 259 222]]
[[280 295 259 222]]
[[281 294 259 221]]
[[277 292 259 221]]
[[277 293 261 221]]
[[279 289 258 223]]
[[279 293 254 221]]
[[285 293 254 223]]
[[279 285 254 222]]
[[284 288 254 221]]
[[285 288 251 222]]
[[282 291 254 217]]
[[283 291 255 216]]
[[276 286 252 227]]
[[280 291 251 227]]
[[284 286 250 227]]
[[285 283 248 228]]
[[285 288 248 228]]
[[286 286 248 227]]
[[284 291 247 227]]
[[284 291 251 227]]
[[281 291 252 227]]
[[299 288 248 228]]
[[285 289 256 224]]
[[285 285 251 228]]
[[274 289 251 228]]
[[283 285 255 229]]
[[285 287 253 227]]
[[282 283 252 225]]
[[245 244 254 231]]
[[293 288 250 221]]
[[282 290 250 222]]
[[281 293 250 221]]
[[287 290 251 220]]
[[283 291 256 220]]
[[279 291 256 220]]
[[285 292 252 217]]
[[280 296 251 216]]
[[282 294 253 219]]
[[280 297 253 217]]
[[280 293 256 217]]
[[281 289 255 219]]
[[295 293 254 217]]
[[282 295 253 217]]
[[280 290 253 218]]
[[286 295 252 218]]
[[285 296 253 216]]
[[285 294 251 217]]
[[285 295 244 220]]
[[283 296 252 217]]
[[295 292 242 218]]
[[288 291 241 222]]
[[285 289 247 225]]
[[281 287 249 223]]
[[287 285 247 223]]
[[282 291 246 220]]
[[284 286 247 224]]
[[296 286 248 222]]
[[252 241 245 227]]
[[245 250 246 225]]
[[247 246 245 225]]
[[245 246 246 227]]
[[188 235 247 219]]
[[165 197 248 221]]
[[167 198 247 223]]
[[166 196 247 220]]
[[167 203 249 219]]
[[161 190 251 221]]
[[162 196 251 221]]
[[162 193 250 226]]
[[161 198 254 225]]
[[158 197 253 224]]
[[163 192 249 227]]
[[166 191 248 228]]
[[257 132 253 231]]
[[255 132 253 231]]
[[255 132 256 232]]
[[257 128 252 232]]
[[259 127 252 233]]
[[259 135 252 231]]
[[257 130 252 233]]
[[254 132 253 230]]
[[256 135 252 232]]
[[253 133 253 231]]
[[254 137 255 228]]
[[256 129 253 233]]
[[259 128 252 233]]
[[261 130 252 233]]
[[257 127 253 236]]
[[256 128 253 232]]
[[262 134 249 232]]
[[257 132 251 232]]
[[257 131 252 230]]
[[255 129 251 237]]
[[249 131 260 240]]
[[251 127 261 241]]
[[251 129 260 238]]
[[253 126 259 238]]
[[255 127 257 240]]
[[249 130 259 238]]
[[253 131 258 235]]
[[255 132 257 235]]
[[259 130 256 234]]
[[250 130 259 239]]
[[254 132 258 241]]
[[259 130 252 237]]
[[258 128 250 238]]
[[258 130 248 238]]
[[259 125 255 241]]
[[260 135 247 228]]
[[268 131 247 229]]
[[260 132 248 229]]
[[260 127 249 233]]
[[263 124 250 234]]
[[256 133 249 230]]
[[260 133 249 234]]
[[261 127 247 237]]
[[267 128 246 238]]
[[264 123 248 238]]
[[255 125 250 237]]
[[262 124 250 237]]
[[264 126 250 238]]
[[249 146 249 239]]
[[246 145 249 239]]
[[253 143 252 241]]
[[246 130 253 244]]
[[247 149 249 228]]
[[254 148 249 230]]
[[247 143 251 225]]
[[251 137 250 234]]
[[248 142 252 232]]
[[254 142 248 236]]
[[248 138 253 235]]
[[248 134 256 240]]
[[244 127 256 240]]
[[248 135 255 239]]
[[247 144 255 236]]
[[247 143 256 232]]
[[245 131 250 236]]
[[249 129 254 237]]
[[244 134 254 227]]
[[248 128 254 229]]
[[241 132 251 227]]
[[245 131 249 229]]
[[247 132 253 232]]
[[247 139 251 230]]
[[248 141 258 225]]
[[250 132 252 227]]
[[243 136 259 227]]
[[242 133 258 225]]
[[244 128 256 229]]
[[246 127 255 224]]
[[243 130 253 229]]
[[247 128 254 229]]
[[221 130 254 227]]
[[247 132 254 225]]
[[232 172 255 226]]
[[236 173 255 227]]
[[227 170 258 228]]
[[230 173 258 228]]
[[232 171 255 229]]
[[236 175 254 227]]
[[232 174 258 230]]
[[235 173 260 229]]
[[231 178 258 226]]
[[233 170 257 224]]
[[225 175 256 226]]
[[228 173 258 228]]
[[232 171 254 224]]
[[223 179 261 223]]
[[230 169 260 224]]
[[229 173 263 222]]
[[224 179 265 222]]
[[226 176 264 227]]
[[225 180 263 226]]
[[231 174 261 224]]
[[223 169 257 229]]
[[228 172 257 226]]
[[232 171 257 214]]
[[224 169 255 231]]
[[223 174 255 233]]
[[226 169 256 230]]
[[228 172 257 228]]
[[228 174 260 222]]
[[224 176 259 221]]
[[219 174 259 223]]
[[225 175 257 222]]
[[221 174 257 221]]
[[232 179 259 221]]
[[225 174 255 227]]
[[219 172 260 229]]
[[223 173 254 223]]
[[227 182 254 227]]
[[225 178 249 226]]
[[232 179 253 222]]
[[225 174 253 220]]
[[228 176 253 222]]
[[222 175 260 233]]
[[230 174 261 236]]
[[223 174 258 227]]
[[215 171 262 234]]
[[229 168 264 236]]
[[221 178 264 233]]
[[227 172 251 228]]
[[224 167 250 225]]
[[233 171 252 228]]
[[221 181 248 221]]
[[227 178 251 224]]
[[229 177 251 223]]
[[223 176 249 228]]
[[228 174 252 225]]
[[236 180 251 225]]
[[236 177 251 225]]
[[231 172 255 220]]
[[226 184 253 221]]
[[235 169 257 219]]
[[221 180 250 221]]
[[230 183 251 222]]
[[233 185 248 221]]
[[227 166 251 234]]
[[227 172 251 233]]
[[227 172 253 235]]
[[229 172 253 235]]
[[223 169 253 231]]
[[222 174 254 232]]
[[234 169 254 235]]
[[228 172 252 233]]
[[236 177 254 230]]
[[230 168 254 235]]
[[222 170 253 238]]
[[230 172 254 235]]
[[221 168 256 238]]
[[232 163 252 236]]
[[219 175 256 234]]
[[237 173 255 232]]
[[236 176 257 231]]
[[233 165 254 228]]
[[223 168 255 229]]
[[232 167 258 225]]
[[230 174 253 231]]
[[224 176 253 228]]
[[227 173 254 228]]
[[231 175 255 230]]
[[232 176 255 229]]
[[233 178 254 228]]
[[222 176 253 233]]
[[231 184 256 223]]
[[223 174 255 222]]
[[221 176 256 223]]
[[219 184 262 213]]
[[213 180 263 217]]
[[221 184 263 212]]
[[222 179 264 214]]
[[227 185 265 212]]
[[225 189 265 212]]
[[226 182 262 213]]
[[221 179 262 213]]
[[222 190 269 211]]
[[227 176 260 209]]
[[216 252 297 259]]
[[219 292 297 258]]
[[211 290 300 259]]
[[219 296 297 260]]
[[216 294 301 259]]
[[224 297 299 259]]
[[219 292 300 258]]
[[220 289 297 263]]
[[220 293 296 261]]
[[214 281 299 260]]
[[215 291 299 258]]
[[215 292 300 256]]
[[217 293 298 261]]
[[220 295 297 260]]
[[216 279 296 262]]
[[219 292 295 262]]
[[218 281 298 264]]
[[215 279 299 261]]
[[216 279 298 261]]
[[219 288 295 261]]
[[218 288 298 261]]
[[221 308 298 261]]
[[220 308 298 261]]
[[222 314 299 259]]
[[225 308 299 262]]
[[214 281 298 260]]
[[221 291 300 260]]
[[223 293 301 262]]
[[222 288 299 262]]
[[219 310 299 262]]
[[216 293 298 256]]
[[219 296 299 255]]
[[216 296 300 254]]
[[212 289 300 254]]
[[220 312 301 252]]
[[219 295 296 254]]
[[217 290 298 255]]
[[216 295 302 255]]
[[223 313 300 257]]
[[213 288 300 253]]
[[219 314 300 253]]
[[215 282 295 257]]
[[221 312 294 255]]
[[223 312 296 258]]
[[220 289 296 258]]
[[222 291 296 259]]
[[215 282 296 261]]
[[230 297 299 255]]
[[214 283 298 255]]
[[223 313 298 253]]
[[223 317 296 252]]
[[229 298 294 255]]
[[230 296 295 257]]
[[238 299 296 250]]
[[230 296 294 250]]
[[225 301 296 251]]
[[220 296 295 251]]
[[237 298 294 253]]
[[238 304 294 247]]
[[235 305 294 245]]
[[222 312 296 251]]
[[217 294 299 250]]
[[214 286 299 251]]
[[236 297 298 251]]
[[236 296 298 253]]
[[218 298 296 248]]
[[233 294 296 252]]
[[232 300 297 251]]
[[218 300 297 250]]
[[230 296 298 249]]
[[232 301 296 250]]
[[220 303 295 249]]
[[222 291 293 250]]
[[215 298 297 249]]
[[229 295 292 252]]
[[218 296 292 253]]
[[224 298 291 255]]
[[229 294 288 252]]
[[236 295 286 253]]
[[237 299 288 251]]
[[235 300 284 250]]
[[229 312 288 252]]
[[231 296 287 253]]
[[239 297 286 253]]
[[234 299 289 253]]
[[-49 466 303 255]]
[[-44 464 305 256]]
[[-56 459 306 255]]
[[-54 467 308 256]]
[[-48 466 304 255]]
[[-46 460 304 255]]
[[-49 463 305 258]]
[[-48 466 302 258]]
[[-50 468 303 259]]
[[-48 465 303 258]]
[[-50 464 304 260]]
[[-101  399  304  254]]
[[-102  397  305  256]]
[[-107  400  304  252]]
[[-108  399  304  252]]
[[-97 399 302 250]]
[[-103  400  305  249]]
[[-101  403  305  249]]
[[-101  399  304  250]]
[[-101  400  304  250]]
[[-100  396  300  251]]
[[-103  401  302  250]]
[[-93 398 296 250]]
[[-104  405  299  249]]
[[-213  336  308  251]]
[[-212  334  308  252]]
[[-213  337  306  252]]
[[-213  335  307  252]]
[[-284  354  306  250]]
[[-274  347  306  250]]
[[-286  356  305  248]]
[[-300  327  306  248]]
[[-277  347  305  249]]
[[-285  355  305  248]]
[[-277  360  305  249]]
[[-286  391  305  251]]
[[-298  356  305  252]]
[[-275  406  301  252]]
[[-288  400  302  251]]
[[-279  358  301  251]]
[[-288  390  302  248]]
[[-294  361  304  249]]
[[-280  392  302  250]]
[[-295  367  304  251]]
[[-283  399  305  252]]
[[-286  419  303  253]]
[[-277  466  305  253]]
[[-270  504  304  253]]
[[-278  469  304  252]]
[[-271  502  304  252]]
[[-275  448  302  254]]
[[-268  459  302  255]]
[[-260  427  304  254]]
[[-264  412  303  256]]
[[-289  360  303  256]]
[[-289  351  304  256]]
[[-283  327  302  254]]
[[-281  305  303  254]]
[[-290  291  302  256]]
[[-289  282  301  256]]
[[-290  286  303  257]]
[[-270  278  304  257]]
[[-296  295  304  256]]
[[-277  299  304  256]]
[[-283  292  305  258]]
[[-281  281  304  256]]
[[-298  295  305  258]]
[[-280  305  305  257]]
[[-268  278  305  256]]
[[-296  241  305  255]]
[[-279  222  306  257]]
[[-296  238  305  257]]
[[-285  252  303  256]]
[[-277  223  304  256]]
[[-294  206  302  255]]
[[-282  222  303  255]]
[[-293  216  303  255]]
[[-276  224  303  254]]
[[-291  184  300  253]]
[[-283  191  301  254]]
[[-293  213  300  252]]
[[-279  229  303  254]]
[[-291  240  305  254]]
[[-283  223  305  255]]
[[-294  241  305  254]]
[[-280  224  306  255]]
[[-299  267  307  254]]
[[-299  236  307  253]]
[[-281  226  306  253]]
[[-297  211  304  251]]
[[-280  225  304  251]]
[[-288  243  304  251]]
[[-285  229  306  249]]
[[-297  247  304  248]]
[[-293  261  304  249]]
[[-294  251  304  248]]
[[-283  236  302  247]]
[[-295  213  302  247]]
[[-286  196  303  247]]
[[-297  181  304  247]]
[[-291  192  304  248]]
[[-296  192  305  245]]
[[-285  195  303  247]]
[[-298  204  306  249]]
[[-287  229  308  247]]
[[-299  214  308  248]]
[[-291  195  306  249]]
[[-296  180  303  249]]
[[-279  226  304  248]]
[[-288  246  302  247]]
[[-277  232  300  246]]
[[-289  253  299  246]]
[[-281  242  299  244]]
[[-288  258  301  245]]
[[-280  232  302  244]]
[[-290  256  301  245]]
[[-281  233  301  245]]
[[-293  218  300  245]]
[[-280  241  298  247]]
[[-288  254  299  248]]
[[-275  235  298  247]]
[[-287  246  299  248]]
[[-279  240  297  247]]
[[-289  245  298  248]]
[[-283  194  300  247]]
[[-293  207  300  248]]
[[-285  193  299  247]]
[[-291  223  300  247]]
[[-278  195  299  245]]
[[-292  177  300  245]]
[[-288  198  302  246]]
[[-293  180  301  245]]
[[-279  197  300  246]]
[[-294  204  300  247]]
[[-292  206  301  247]]
[[-281  195  302  248]]
[[-293  194  302  248]]
[[-276  194  300  249]]
[[-290  194  298  249]]
[[-278  194  297  249]]
[[-291  184  298  248]]
[[-288  163  299  248]]
[[-290  185  299  248]]
[[-282  196  297  248]]
[[-290  182  298  247]]
[[-280  232  298  246]]
[[-291  218  300  245]]
[[-274  232  299  246]]
[[-289  256  299  246]]
[[-275  227  299  247]]
[[-290  214  297  249]]
[[-282  196  299  248]]
[[-292  195  300  246]]
[[-282  194  298  247]]
[[-290  215  298  247]]
[[-279  230  300  247]]
[[-285  245  298  249]]
[[-280  230  299  248]]
[[-291  213  300  250]]
[[-280  192  300  252]]
[[-290  147  299  251]]
[[-279  192  298  252]]
[[-291  195  299  251]]
[[-281  191  298  251]]
[[-291  183  299  252]]
[[-282  193  299  251]]
[[-291  212  300  252]]
[[-283  236  299  253]]
[[-287  248  299  252]]
[[-283  260  298  253]]
[[-291  251  298  252]]
[[-281  237  298  252]]
[[-290  214  297  249]]
[[-276  193  295  250]]
[[-284  190  294  250]]
[[-277  193  295  250]]
[[-288  175  296  251]]
[[-283  193  299  252]]
[[-289  215  298  253]]
[[-280  224  299  254]]
[[-292  220  299  252]]
[[-278  191  300  253]]
[[-293  167  301  254]]
[[-281  188  300  253]]
[[-291  194  300  251]]
[[-277  226  302  252]]
[[-291  218  302  251]]
[[-278  232  301  251]]
